0.007016018,0.007016018,0.0,0.0,2.9957323,0.0,1.9957323,1.2121426,2.0,0.02,800.0,0.0,0.0,false,false
0.007016018,0.007016018,0.0,0.0,4.9729156,0.0,0.66,1.2121426,2.0,0.02,800.0,0.0,0.0,false,false
0.007016018,0.007016018,0.0,0.0,6.277857,0.0,0.2624097,1.2121426,2.0,0.02,800.0,0.0,0.0,false,false
0.007761467,0.0074372743,-0.12929387,0.0,7.3825455,0.0,0.17596589,1.4819412,2.0,0.02,800.0,0.0,0.0,false,false
0.008003517,0.008275637,0.10131782,0.0,8.3192005,0.0,0.12687427,1.7119874,2.0,0.02,800.0,0.0,0.0,false,false
0.007527387,0.007811837,0.11240013,2.6456218,8.757372,0.0,0.05266989,1.512464,2.0,0.02,800.0,0.0,0.0,false,false
0.0071062767,0.0073648156,0.10828857,2.6456218,8.869943,0.0,0.0128544,1.3167083,2.0,0.02,800.0,0.0,0.0,false,false
0.007016018,0.007016018,0.0,2.6456218,8.849895,0.0,0.0022602335,1.2121426,2.0,0.02,800.0,0.0,0.0,false,false
0.007016018,0.007016018,0.0,5.1258926,8.836662,0.0,0.0014951852,1.2121426,2.0,0.02,800.0,0.0,0.0,false,false
0.007016018,0.007016018,0.0,5.1258926,8.8279295,0.0,9.882459E-4,1.2121426,2.0,0.02,800.0,0.0,0.0,false,false
0.007016018,0.007016018,0.0,5.1258926,8.822166,0.0,6.5282057E-4,1.2121426,2.0,0.02,800.0,0.0,0.0,false,false
0.007016018,0.007016018,0.0,4.515673,8.818362,0.0,4.3121006E-4,1.2121426,2.0,0.02,800.0,0.0,0.0,false,false
0.007016018,0.007016018,0.0,4.515673,8.815851,0.0,2.8474952E-4,1.2121426,2.0,0.02,800.0,0.0,0.0,false,false
0.007016018,0.007016018,0.0,4.515673,8.814194,0.0,1.8801201E-4,1.2121426,2.0,0.02,800.0,0.0,0.0,false,false
0.007016018,0.007016018,0.0,4.2655516,8.813101,0.0,1.2399441E-4,1.2121426,2.0,0.02,800.0,0.0,0.0,false,false
0.007016018,0.007016018,0.0,4.2655516,8.812379,0.0,8.1915714E-5,1.2121426,2.0,0.02,800.0,0.0,0.0,false,false
0.007016018,0.007016018,0.0,4.2655516,8.811903,0.0,5.4001706E-5,1.2121426,2.0,0.02,800.0,0.0,0.0,false,false
0.007016018,0.007016018,0.0,4.0283012,8.811588,0.0,3.5714478E-5,1.2121426,2.0,0.02,800.0,0.0,0.0,false,false
0.007016018,0.007016018,0.0,4.0283012,8.81138,0.0,2.3594044E-5,1.2121426,2.0,0.02,800.0,0.0,0.0,false,false
0.007016018,0.007016018,0.0,4.0283012,8.811243,0.0015585425,1.5585425E-5,1.2121426,2.0,0.02,800.0,0.0,0.0,false,false
0.007016018,0.007016018,0.0,3.8238397,8.811153,0.0010173977,1.0173977E-5,1.2121426,2.0,0.02,800.0,0.0,0.0,false,false
0.007016018,0.007016018,0.0,3.8238397,8.811094,6.710564E-4,6.710564E-6,1.2121426,2.0,0.02,800.0,0.0,0.0,false,false
0.007016018,0.007016018,0.0,3.8238397,8.811054,4.5458964E-4,4.5458964E-6,1.2121426,2.0,0.02,800.0,0.0,0.0,false,false
0.007016018,0.007016018,0.0,3.6164372,8.8110285,2.9223753E-4,2.9223752E-6,1.2121426,2.0,0.02,800.0,0.0,0.0,false,false
0.007016018,0.007016018,0.0,3.6164372,8.811011,1.9482558E-4,1.9482559E-6,1.2121426,2.0,0.02,800.0,0.0,0.0,false,false
0.007016018,0.007016018,0.0,3.6164372,8.811,1.2988398E-4,1.2988397E-6,1.2121426,2.0,0.02,800.0,0.0,0.0,false,false
0.007016018,0.007016018,0.0,3.3816843,8.810992,8.658943E-5,8.658943E-7,1.2121426,2.0,0.02,800.0,0.0,0.0,false,false
0.007016018,0.007016018,0.0,3.3816843,8.810987,5.411844E-5,5.411844E-7,1.2121426,2.0,0.02,800.0,0.0,0.0,false,false
0.007016018,0.007016018,0.0,3.3816843,8.810984,4.3294775E-5,4.3294776E-7,1.2121426,2.0,0.02,800.0,0.0,0.0,false,false
0.007016018,0.007016018,0.0,3.1860745,8.810982,2.1647398E-5,2.1647398E-7,1.2121426,2.0,0.02,800.0,0.0,0.0,false,false
0.007016018,0.007016018,0.0,3.1860745,8.81098,2.1647402E-5,2.1647402E-7,1.2121426,2.0,0.02,800.0,0.0,0.0,false,false
0.007016018,0.007016018,0.0,3.1860745,8.81098,1.1349476E-9,1.1349476E-11,1.2121426,2.0,0.02,800.0,0.0,0.0,false,false
0.007016018,0.007016018,0.0,2.9591973,8.81098,1.1349476E-9,1.1349476E-11,1.2121426,2.0,0.02,800.0,0.0,0.0,false,false
0.007016018,0.007016018,0.0,2.9591973,8.81098,1.1349476E-9,1.1349476E-11,1.2121426,2.0,0.02,800.0,0.0,0.0,false,false
0.007016018,0.007016018,0.0,2.9591973,8.81098,1.1349476E-9,1.1349476E-11,1.2121426,2.0,0.02,800.0,0.0,0.0,false,false
0.007016018,0.007016018,0.0,2.7512631,8.81098,1.1349476E-9,1.1349476E-11,1.2121426,2.0,0.02,800.0,0.0,0.0,false,false
0.007016018,0.007016018,0.0,2.7512631,8.81098,1.1349476E-9,1.1349476E-11,1.2121426,2.0,0.02,800.0,0.0,0.0,false,false
0.007016018,0.007016018,0.0,2.7512631,8.81098,1.1349476E-9,1.1349476E-11,1.2121426,2.0,0.02,800.0,0.0,0.0,false,false
0.007016018,0.007016018,0.0,2.5638864,8.81098,1.1349476E-9,1.1349476E-11,1.2121426,2.0,0.02,800.0,0.0,0.0,false,false
0.007016018,0.007016018,0.0,2.5638864,8.81098,1.1349476E-9,1.1349476E-11,1.2121426,2.0,0.02,800.0,0.0,0.0,false,false
0.007016018,0.007016018,0.0,2.5638864,8.81098,1.1349476E-9,1.1349476E-11,1.2121426,2.0,0.02,800.0,0.0,0.0,false,false
0.007016018,0.007016018,0.0,2.3862693,8.81098,1.1349476E-9,1.1349476E-11,1.2121426,2.0,0.02,800.0,0.0,0.0,false,false
0.007016018,0.007016018,0.0,2.3862693,8.81098,1.1349476E-9,1.1349476E-11,1.2121426,2.0,0.02,800.0,0.0,0.0,false,false
0.007016018,0.007016018,0.0,2.3862693,8.81098,1.1349476E-9,1.1349476E-11,1.2121426,2.0,0.02,800.0,0.0,0.0,false,false
0.007016018,0.007016018,0.0,2.2030272,8.81098,1.1349476E-9,1.1349476E-11,1.2121426,2.0,0.02,800.0,0.0,0.0,false,false
0.007016018,0.007016018,0.0,2.2030272,8.81098,1.1349476E-9,1.1349476E-11,1.2121426,2.0,0.02,800.0,0.0,0.0,false,false
0.007016018,0.007016018,0.0,2.2030272,8.81098,1.1349476E-9,1.1349476E-11,1.2121426,2.0,0.02,800.0,0.0,0.0,false,false
0.007016018,0.007016018,0.0,2.066194,8.81098,1.1349476E-9,1.1349476E-11,1.2121426,2.0,0.02,800.0,0.0,0.0,false,false
0.007016018,0.007016018,0.0,2.066194,8.81098,1.1349476E-9,1.1349476E-11,1.2121426,2.0,0.02,800.0,0.0,0.0,false,false
0.013705972,0.021660589,1.0462955,2.066194,11.494347,30.454805,0.30454805,4.4088683,2.0,0.02,800.0,0.0,0.0,false,false
0.045473002,0.13993761,1.1240778,1.9286851,15.111427,31.468348,0.31468347,7.3317943,2.0,0.02,800.0,0.0,0.0,false,false
0.06672889,0.21140216,1.1531243,1.9286851,17.90422,18.481333,0.18481334,7.973867,2.0,0.02,800.0,0.0,0.0,false,false
0.08525713,0.28357512,1.2018054,1.9286851,20.029713,11.871459,0.118714586,8.420761,2.0,0.02,800.0,0.0,0.0,false,false
0.09395503,0.33245087,1.2636758,1.790111,21.577587,7.727891,0.07727891,8.650425,2.0,0.02,800.0,0.0,0.0,false,false
0.097856924,0.3649397,1.3162256,1.790111,22.68108,5.114069,0.051140692,8.780092,2.0,0.02,800.0,0.0,0.0,false,false
0.103449054,0.4061864,1.3677329,1.790111,23.505795,3.6361349,0.036361348,8.932738,2.0,0.02,800.0,0.0,0.0,false,false
0.09803504,0.39537358,1.3945061,9.047996,24.017748,2.1779878,0.021779878,8.881505,2.0,0.02,800.0,0.0,0.0,false,false
0.08544403,0.34792167,1.4041158,9.047996,24.225882,0.8665829,0.008665829,8.676059,2.0,0.02,800.0,0.0,0.0,false,false
0.07221512,0.29599303,1.4106864,9.047996,24.200315,0.10553218,0.0010553218,8.418081,2.0,0.02,800.0,0.0,0.0,false,false
0.06920742,0.28948206,1.4309851,7.955964,24.157251,0.17794858,0.0017794858,8.376612,2.0,0.02,800.0,0.0,0.0,false,false
0.062237058,0.26279458,1.440422,7.955964,24.030294,0.5255438,0.005255438,8.220598,2.0,0.02,800.0,0.0,0.0,false,false
0.0521206,0.2207435,1.4434412,7.955964,23.771553,1.07673,0.0107673,7.943596,2.0,0.02,800.0,0.0,0.0,false,false
0.042861626,0.18205422,1.4463277,7.7548094,23.407536,1.5313154,0.015313155,7.6376204,2.0,0.02,800.0,0.0,0.0,false,false
0.036018636,0.15357485,1.4501516,7.7548094,22.99644,1.7562492,0.017562492,7.367117,2.0,0.02,800.0,0.0,0.0,false,false
0.029356062,0.12545444,1.4524437,7.7548094,22.522438,2.0612009,0.020612009,7.0462074,2.0,0.02,800.0,0.0,0.0,false,false
0.02395209,0.102563694,1.4544286,7.6475134,22.007763,2.2851663,0.022851663,6.7266355,2.0,0.02,800.0,0.0,0.0,false,false
0.019847466,0.085388824,1.4591388,7.6475134,21.483917,2.380277,0.023802768,6.4350505,2.0,0.02,800.0,0.0,0.0,false,false
0.017780235,0.072449364,1.4650352,7.6475134,20.972742,2.3793387,0.023793386,6.1731086,2.0,0.02,800.0,0.0,0.0,false,false
0.017711237,0.072778106,1.4813447,7.6091475,20.636852,1.601554,0.01601554,6.1754622,2.0,0.02,800.0,0.0,0.0,false,false
0.016908474,0.063575566,1.4867178,7.6091475,20.278988,1.7341034,0.017341034,5.9598455,2.0,0.02,800.0,0.0,0.0,false,false
0.015979465,0.05378165,1.4906642,7.6091475,19.874773,1.9932694,0.019932695,5.693808,2.0,0.02,800.0,0.0,0.0,false,false
0.015021816,0.044706956,1.4931359,7.5890374,19.422733,2.2744396,0.022744397,5.4004846,2.0,0.02,800.0,0.0,0.0,false,false
0.014327131,0.038977973,1.4994853,7.5890374,18.986094,2.2480862,0.022480862,5.1815186,2.0,0.02,800.0,0.0,0.0,false,false
0.013510238,0.032735355,1.5028437,7.5890374,18.522758,2.4403918,0.024403917,4.904193,2.0,0.02,800.0,0.0,0.0,false,false
0.01272773,0.027498597,1.5093249,7.538653,18.04146,2.5984166,0.025984166,4.6263227,2.0,0.02,800.0,0.0,0.0,false,false
0.012026287,0.023373082,1.5185583,7.538653,17.559587,2.6709177,0.026709177,4.366315,2.0,0.02,800.0,0.0,0.0,false,false
0.011447149,0.020614307,1.5425164,7.538653,17.111689,2.550737,0.025507368,4.1606994,2.0,0.02,800.0,0.0,0.0,false,false
0.010937153,0.018508246,1.5728546,7.5082984,16.70303,2.3881862,0.023881862,3.9817083,2.0,0.02,800.0,0.0,0.0,false,false
0.010411581,0.01764217,1.5981019,7.5082984,16.305037,2.38276,0.0238276,3.7786014,2.0,0.02,800.0,0.0,0.0,false,false
0.009993612,0.016991869,1.6084522,7.5082984,15.926817,2.3196487,0.023196489,3.61696,2.0,0.02,800.0,0.0,0.0,false,false
0.01010496,0.016970946,1.5711399,7.4675193,15.679779,1.5510813,0.015510813,3.619827,2.0,0.02,800.0,0.0,0.0,false,false
0.010467204,0.017211137,1.5069988,7.4675193,15.570655,0.69595486,0.0069595487,3.6851287,2.0,0.02,800.0,0.0,0.0,false,false
0.01198224,0.019953253,1.3714846,7.4675193,15.798733,1.4647932,0.014647932,4.160287,2.0,0.02,800.0,0.0,0.0,false,false
0.013121593,0.024200317,1.2892051,7.2779694,16.159445,2.2831707,0.022831708,4.4930725,2.0,0.02,800.0,0.0,0.0,false,false
0.013723406,0.02648924,1.2436879,7.2779694,16.497896,2.0944493,0.020944493,4.652009,2.0,0.02,800.0,0.0,0.0,false,false
0.021094434,0.066896975,1.1541445,7.2779694,17.668436,7.0950856,0.07095086,6.151683,2.0,0.02,800.0,0.0,0.0,false,false
0.052304786,0.16121681,1.1256621,7.252766,19.327492,9.38994,0.09389941,7.555306,2.0,0.02,800.0,0.0,0.0,false,false
0.075581074,0.23127913,1.1184193,7.252766,20.785122,7.541745,0.07541745,8.129508,2.0,0.02,800.0,0.0,0.0,false,false
0.10329556,0.31397355,1.1117145,7.252766,22.054497,6.107132,0.06107132,8.616129,2.0,0.02,800.0,0.0,0.0,false,false
0.12997866,0.39363337,1.1080495,7.228725,23.119305,4.828076,0.04828076,8.975576,2.0,0.02,800.0,0.0,0.0,false,false
0.13974059,0.4216916,1.1044865,7.228725,23.891817,3.3414173,0.033414174,9.085999,2.0,0.02,800.0,0.0,0.0,false,false
0.14506032,0.43706095,1.102923,7.228725,24.437862,2.285491,0.02285491,9.143295,2.0,0.02,800.0,0.0,0.0,false,false
0.1569031,0.47091663,1.0990527,7.407116,24.873829,1.7839797,0.017839797,9.262955,2.0,0.02,800.0,0.0,0.0,false,false
0.15922238,0.47820997,1.0997481,7.407116,25.176762,1.2178774,0.012178774,9.287013,2.0,0.02,800.0,0.0,0.0,false,false
0.17127793,0.5146892,1.1002758,7.407116,25.450077,1.0855861,0.010855861,9.403201,2.0,0.02,800.0,0.0,0.0,false,false
0.18905355,0.5687654,1.1014378,8.826388,25.730082,1.1002109,0.011002108,9.560925,2.0,0.02,800.0,0.0,0.0,false,false
0.19624896,0.5940752,1.1076219,8.826388,25.956882,0.8814621,0.008814621,9.627422,2.0,0.02,800.0,0.0,0.0,false,false
0.21188481,0.6465973,1.1156809,8.826388,26.189293,0.8953711,0.008953711,9.7584,2.0,0.02,800.0,0.0,0.0,false,false
0.21134421,0.65066373,1.1245048,9.022044,26.346783,0.6013518,0.0060135177,9.764889,2.0,0.02,800.0,0.0,0.0,false,false
0.20232005,0.6364714,1.1460886,9.022044,26.423424,0.2908935,0.002908935,9.721661,2.0,0.02,800.0,0.0,0.0,false,false
0.18666725,0.5977749,1.1638867,9.022044,26.407019,0.06208547,6.2085467E-4,9.615595,2.0,0.02,800.0,0.0,0.0,false,false
0.1858784,0.6072973,1.1839257,9.241062,26.407263,9.245293E-4,9.245293E-6,9.633125,2.0,0.02,800.0,0.0,0.0,false,false
0.18026266,0.5937206,1.1919938,9.241062,26.38293,0.092141494,9.2141493E-4,9.594342,2.0,0.02,800.0,0.0,0.0,false,false
0.17615473,0.5713047,1.1765598,9.241062,26.332,0.19304156,0.0019304156,9.539131,2.0,0.02,800.0,0.0,0.0,false,false
0.17680256,0.56292045,1.1581048,8.736362,26.287983,0.16716462,0.0016716463,9.522658,2.0,0.02,800.0,0.0,0.0,false,false
0.18740165,0.58610576,1.140246,8.736362,26.303589,0.05936525,5.936525E-4,9.593369,2.0,0.02,800.0,0.0,0.0,false,false
0.18534417,0.5788454,1.1388209,8.736362,26.30177,0.006917727,6.917727E-5,9.57418,2.0,0.02,800.0,0.0,0.0,false,false
0.17622614,0.5551325,1.1474388,8.663131,26.256657,0.1715193,0.0017151929,9.504652,2.0,0.02,800.0,0.0,0.0,false,false
0.15825218,0.5013621,1.1531388,8.663131,26.123634,0.5066232,0.005066232,9.341175,2.0,0.02,800.0,0.0,0.0,false,false
0.15993632,0.5113784,1.1623342,8.663131,26.053423,0.26876587,0.0026876586,9.369015,2.0,0.02,800.0,0.0,0.0,false,false
0.15960717,0.50645435,1.1547185,8.696391,25.999226,0.20802377,0.0020802377,9.356576,2.0,0.02,800.0,0.0,0.0,false,false
0.15754013,0.49353382,1.141911,8.696391,25.940697,0.22511785,0.0022511785,9.320541,2.0,0.02,800.0,0.0,0.0,false,false
0.16179234,0.50755095,1.1432835,8.696391,25.929743,0.042226713,4.2226713E-4,9.364358,2.0,0.02,800.0,0.0,0.0,false,false
0.1516365,0.47894076,1.1500907,8.750098,25.86285,0.2579764,0.0025797642,9.269894,2.0,0.02,800.0,0.0,0.0,false,false
0.15415531,0.49728173,1.171196,8.750098,25.851246,0.04486864,4.486864E-4,9.321424,2.0,0.02,800.0,0.0,0.0,false,false
0.14556155,0.47621343,1.1852671,8.750098,25.796986,0.20989415,0.0020989415,9.247637,2.0,0.02,800.0,0.0,0.0,false,false
0.14465256,0.48474592,1.2092901,8.830673,25.773361,0.091578215,9.157822E-4,9.266932,2.0,0.02,800.0,0.0,0.0,false,false
0.14377393,0.48949218,1.2251264,8.830673,25.763897,0.03672111,3.672111E-4,9.276631,2.0,0.02,800.0,0.0,0.0,false,false
0.12332064,0.42221355,1.2307235,8.830673,25.608524,0.60306334,0.0060306336,9.040516,2.0,0.02,800.0,0.0,0.0,false,false
0.105441146,0.36227915,1.2342622,8.901942,25.352081,1.0013971,0.0100139715,8.796849,2.0,0.02,800.0,0.0,0.0,false,false
0.08902761,0.3082983,1.2421213,8.901942,25.019716,1.3109971,0.013109971,8.538586,2.0,0.02,800.0,0.0,0.0,false,false
0.07380942,0.25684643,1.2469919,8.901942,24.616676,1.6108893,0.016108893,8.247762,2.0,0.02,800.0,0.0,0.0,false,false
0.05998176,0.20923302,1.249408,8.682601,24.145102,1.9156721,0.01915672,7.9222775,2.0,0.02,800.0,0.0,0.0,false,false
0.05897831,0.21169916,1.2779964,8.682601,23.839281,1.2665942,0.012665942,7.930856,2.0,0.02,800.0,0.0,0.0,false,false
0.049790476,0.17972085,1.283581,8.682601,23.472464,1.5387104,0.015387103,7.6696453,2.0,0.02,800.0,0.0,0.0,false,false
0.042331114,0.1540491,1.291749,8.625309,23.074465,1.6955988,0.016955988,7.422804,2.0,0.02,800.0,0.0,0.0,false,false
0.042432282,0.15772001,1.3129119,8.625309,22.83081,1.0559475,0.010559476,7.452928,2.0,0.02,800.0,0.0,0.0,false,false
0.03572636,0.13330704,1.3167663,8.625309,22.501017,1.4445126,0.014445126,7.1853733,2.0,0.02,800.0,0.0,0.0,false,false
0.031223487,0.1173575,1.3240541,8.430819,22.154387,1.5405086,0.015405086,6.9811764,2.0,0.02,800.0,0.0,0.0,false,false
0.03191272,0.122119054,1.3419914,8.430819,21.96164,0.8700178,0.008700178,7.0382223,2.0,0.02,800.0,0.0,0.0,false,false
0.027326247,0.104891784,1.3450814,8.430819,21.68172,1.27458,0.0127458,6.7964373,2.0,0.02,800.0,0.0,0.0,false,false
0.025519818,0.09886871,1.3543375,8.362065,21.435932,1.1336212,0.011336212,6.6997867,2.0,0.02,800.0,0.0,0.0,false,false
0.024418319,0.0949186,1.357686,8.362065,21.23225,0.9501894,0.009501894,6.6341424,2.0,0.02,800.0,0.0,0.0,false,false
0.021172158,0.08246026,1.3596295,8.362065,20.95672,1.297695,0.012976951,6.4107337,2.0,0.02,800.0,0.0,0.0,false,false
0.023427991,0.09232478,1.3713812,8.26616,20.885479,0.33994526,0.0033994527,6.5858603,2.0,0.02,800.0,0.0,0.0,false,false
0.023333423,0.092324495,1.3754227,8.26616,20.837639,0.22905923,0.0022905923,6.584563,2.0,0.02,800.0,0.0,0.0,false,false
0.02348364,0.09350423,1.3817027,8.26616,20.817497,0.09665971,9.665971E-4,6.6026654,2.0,0.02,800.0,0.0,0.0,false,false
0.020006986,0.079715446,1.3823819,8.246042,20.644524,0.830905,0.00830905,6.349839,2.0,0.02,800.0,0.0,0.0,false,false
0.018465051,0.07372497,1.3844616,8.246042,20.451824,0.9334167,0.009334167,6.2254863,2.0,0.02,800.0,0.0,0.0,false,false
0.017330648,0.06191105,1.3854542,8.246042,20.1498,1.4767623,0.0147676235,5.948654,2.0,0.02,800.0,0.0,0.0,false,false
0.016149627,0.049987722,1.3854108,8.214133,19.736551,2.0508792,0.020508792,5.6099586,2.0,0.02,800.0,0.0,0.0,false,false
0.015232321,0.04191553,1.3864936,8.214133,19.287468,2.275389,0.02275389,5.3307576,2.0,0.02,800.0,0.0,0.0,false,false
0.015283563,0.042071458,1.3800306,8.214133,18.996084,1.5107412,0.015107413,5.338688,2.0,0.02,800.0,0.0,0.0,false,false
0.015900638,0.047204804,1.3752137,8.187826,18.919867,0.40122825,0.0040122825,5.5225077,2.0,0.02,800.0,0.0,0.0,false,false
0.01620316,0.050260864,1.3808316,8.187826,18.931162,0.05970084,5.970084E-4,5.620041,2.0,0.02,800.0,0.0,0.0,false,false
0.01793764,0.06924187,1.3930435,8.187826,19.256556,1.7188257,0.017188257,6.123442,2.0,0.02,800.0,0.0,0.0,false,false
0.020375052,0.08149669,1.3862511,8.172665,19.635626,1.9685259,0.01968526,6.383602,2.0,0.02,800.0,0.0,0.0,false,false
0.023088597,0.09181028,1.3803853,8.172665,20.006151,1.8870056,0.018870056,6.5741367,2.0,0.02,800.0,0.0,0.0,false,false
0.029644324,0.118106306,1.3823144,8.172665,20.50217,2.4793344,0.024793344,6.9723034,2.0,0.02,800.0,0.0,0.0,false,false
0.032353174,0.12916826,1.3844037,8.189917,20.918655,2.0314183,0.020314183,7.1133966,2.0,0.02,800.0,0.0,0.0,false,false
0.033936407,0.13571995,1.3861052,8.189917,21.242674,1.5489451,0.015489451,7.1911983,2.0,0.02,800.0,0.0,0.0,false,false
0.041247513,0.16509078,1.3869047,8.189917,21.652267,1.9281639,0.019281639,7.501122,2.0,0.02,800.0,0.0,0.0,false,false
0.043656442,0.17453325,1.3857644,8.251936,21.978447,1.506445,0.01506445,7.5895486,2.0,0.02,800.0,0.0,0.0,false,false
0.04070243,0.16280164,1.3862447,8.251936,22.124046,0.6624643,0.006624643,7.4792237,2.0,0.02,800.0,0.0,0.0,false,false
0.03654701,0.14624122,1.3866581,8.251936,22.112785,0.050899304,5.0899305E-4,7.3092403,2.0,0.02,800.0,0.0,0.0,false,false
0.038298186,0.15273865,1.3833258,8.362969,22.14949,0.16599002,0.0016599002,7.3791256,2.0,0.02,800.0,0.0,0.0,false,false
0.040287193,0.16084395,1.384401,8.362969,22.225206,0.3418409,0.003418409,7.4606533,2.0,0.02,800.0,0.0,0.0,false,false
0.042466663,0.16868834,1.3793334,8.362969,22.323814,0.44367647,0.004436765,7.5376587,2.0,0.02,800.0,0.0,0.0,false,false
0.04209589,0.16664723,1.3759291,8.746663,22.377407,0.24006955,0.0024006956,7.5194697,2.0,0.02,800.0,0.0,0.0,false,false
0.037746515,0.1495156,1.3765076,8.746663,22.304184,0.32721892,0.0032721893,7.3475266,2.0,0.02,800.0,0.0,0.0,false,false
0.036022577,0.14272673,1.3767859,8.746663,22.209332,0.4252675,0.004252675,7.273863,2.0,0.02,800.0,0.0,0.0,false,false
0.035979755,0.14211899,1.3737082,8.770523,22.143082,0.29829735,0.0029829736,7.2680893,2.0,0.02,800.0,0.0,0.0,false,false
0.034722082,0.13732153,1.3749492,8.770523,22.064768,0.35367176,0.0035367177,7.2133217,2.0,0.02,800.0,0.0,0.0,false,false
0.034624856,0.13652994,1.3719721,8.770523,22.0079,0.25773033,0.0025773032,7.205121,2.0,0.02,800.0,0.0,0.0,false,false
0.027921915,0.11007356,1.3717369,8.818101,21.75502,1.1490424,0.011490423,6.864154,2.0,0.02,800.0,0.0,0.0,false,false
0.02246331,0.08852847,1.3714409,8.818101,21.370354,1.7681732,0.017681733,6.5193596,2.0,0.02,800.0,0.0,0.0,false,false
0.018218093,0.07094686,1.370358,8.818101,20.895302,2.222948,0.022229481,6.1691675,2.0,0.02,800.0,0.0,0.0,false,false
0.016949143,0.05697085,1.3697478,8.88696,20.3625,2.5498679,0.025498679,5.8219943,2.0,0.02,800.0,0.0,0.0,false,false
0.01576271,0.04565518,1.3682355,8.88696,19.789734,2.812844,0.028128441,5.4718933,2.0,0.02,800.0,0.0,0.0,false,false
0.014664022,0.03659035,1.3658421,8.88696,19.190863,3.0261712,0.030261712,5.12222,2.0,0.02,800.0,0.0,0.0,false,false
0.013647167,0.029360263,1.3634733,8.90946,18.575947,3.2042117,0.032042116,4.774424,2.0,0.02,800.0,0.0,0.0,false,false
0.012704271,0.023559107,1.3602929,8.90946,17.95062,3.3663218,0.033663217,4.4269133,2.0,0.02,800.0,0.0,0.0,false,false
0.011836099,0.018928874,1.3559663,8.90946,17.319967,3.513268,0.03513268,4.0818424,2.0,0.02,800.0,0.0,0.0,false,false
0.011025237,0.017229825,1.3528937,8.8953,16.686241,3.6589336,0.036589336,3.7374756,2.0,0.02,800.0,0.0,0.0,false,false
0.010273843,0.01603235,1.3485075,8.8953,16.050602,3.8093612,0.03809361,3.4753034,2.0,0.02,800.0,0.0,0.0,false,false
0.009577626,0.014912323,1.3416916,8.8953,15.413033,3.9722462,0.03972246,3.233634,2.0,0.02,800.0,0.0,0.0,false,false
0.008926121,0.0138686905,1.3353081,8.879153,14.773701,4.147995,0.04147995,2.9914234,2.0,0.02,800.0,0.0,0.0,false,false
0.008321111,0.012901645,1.3289666,8.879153,14.134038,4.3297396,0.043297395,2.7501364,2.0,0.02,800.0,0.0,0.0,false,false
0.007770232,0.012006381,1.3186004,8.879153,13.496111,4.5134096,0.045134097,2.5110137,2.0,0.02,800.0,0.0,0.0,false,false
0.007256238,0.011178111,1.3093815,8.855565,12.860423,4.7101555,0.047101557,2.2731037,2.0,0.02,800.0,0.0,0.0,false,false
0.007016018,0.010471672,1.2135686,8.855565,12.264192,4.636173,0.04636173,2.077285,2.0,0.02,800.0,0.0,0.0,false,false
0.023917275,0.03763321,0.4532861,8.855565,14.516809,18.367437,0.18367438,5.585829,2.0,0.02,800.0,0.0,0.0,false,false
0.045580048,0.060869347,0.2892596,8.848009,16.55135,14.015063,0.14015064,6.453198,2.0,0.02,800.0,0.0,0.0,false,false
0.05616023,0.06396738,0.13016455,8.848009,18.01503,8.843268,0.088432685,6.6445985,2.0,0.02,800.0,0.0,0.0,false,false
0.06494672,0.07153179,0.09657475,8.848009,19.108673,6.0707264,0.060707264,6.846652,2.0,0.02,800.0,0.0,0.0,false,false
0.07390571,0.0828968,0.11480654,8.838404,19.969297,4.5038414,0.045038413,7.0664506,2.0,0.02,800.0,0.0,0.0,false,false
0.07275498,0.07677639,0.053799666,8.838404,20.489828,2.6066551,0.026066551,6.9912724,2.0,0.02,800.0,0.0,0.0,false,false
0.06659243,0.068363816,0.02625284,8.838404,20.730824,1.176171,0.011761709,6.8288927,2.0,0.02,800.0,0.0,0.0,false,false
0.07166409,0.0710678,-0.008355259,7.3340783,20.945898,1.0374626,0.010374626,6.917587,2.0,0.02,800.0,0.0,0.0,false,false
0.06878414,0.06428487,-0.06764903,7.3340783,21.017746,0.34301662,0.0034301663,6.806595,2.0,0.02,800.0,0.0,0.0,false,false
0.07015441,0.064848684,-0.078642346,7.3340783,21.079596,0.2942732,0.002942732,6.8294425,2.0,0.02,800.0,0.0,0.0,false,false
0.08937273,0.09957995,0.108145215,6.8812027,21.456615,1.7885536,0.017885536,7.3617573,2.0,0.02,800.0,0.0,0.0,false,false
0.09515377,0.10836158,0.12997918,6.8812027,21.779694,1.5057275,0.015057275,7.4793115,2.0,0.02,800.0,0.0,0.0,false,false
0.097909994,0.09894571,0.010522717,6.8812027,21.959656,0.82628417,0.008262842,7.4266334,2.0,0.02,800.0,0.0,0.0,false,false
0.10396245,0.09845368,-0.05444363,5.3424854,22.106283,0.6677128,0.006677128,7.4707365,2.0,0.02,800.0,0.0,0.0,false,false
0.10243454,0.097573005,-0.048623074,5.3424854,22.191088,0.38362184,0.0038362185,7.451783,2.0,0.02,800.0,0.0,0.0,false,false
0.10061214,0.09429893,-0.06480317,5.3424854,22.221247,0.1359059,0.001359059,7.4109144,2.0,0.02,800.0,0.0,0.0,false,false
0.09305652,0.08350019,-0.10835824,5.5707464,22.14225,0.35550058,0.0035550056,7.2543206,2.0,0.02,800.0,0.0,0.0,false,false
0.08604949,0.07548918,-0.13093328,5.5707464,22.001215,0.6369501,0.006369501,7.113566,2.0,0.02,800.0,0.0,0.0,false,false
0.08930924,0.07847264,-0.12935492,5.5707464,21.946053,0.25072446,0.0025072447,7.1736064,2.0,0.02,800.0,0.0,0.0,false,false
0.08736899,0.0750423,-0.15208846,5.7353578,21.877111,0.31413904,0.0031413904,7.122096,2.0,0.02,800.0,0.0,0.0,false,false
0.08437563,0.06963023,-0.19207963,5.7353578,21.77847,0.45089293,0.0045089293,7.037956,2.0,0.02,800.0,0.0,0.0,false,false
0.078826435,0.06129066,-0.25162107,5.7353578,21.618855,0.73290074,0.0073290076,6.888312,2.0,0.02,800.0,0.0,0.0,false,false
0.06706378,0.052140635,-0.2516995,5.775944,21.35187,1.2349633,0.0123496335,6.632384,2.0,0.02,800.0,0.0,0.0,false,false
0.05429052,0.04381844,-0.2142947,5.775944,20.980898,1.7374201,0.0173742,6.3240123,2.0,0.02,800.0,0.0,0.0,false,false
0.043635506,0.035823118,-0.19727786,5.775944,20.525215,2.1718934,0.021718934,5.9901786,2.0,0.02,800.0,0.0,0.0,false,false
0.0349735,0.028826749,-0.19328699,5.8438625,20.004984,2.534596,0.025345959,5.642669,2.0,0.02,800.0,0.0,0.0,false,false
0.028106485,0.0231794,-0.19273639,5.8438625,19.44329,2.8077662,0.028077662,5.296962,2.0,0.02,800.0,0.0,0.0,false,false
0.022565374,0.01869428,-0.18819906,5.8438625,18.855042,3.0254612,0.030254612,4.9525385,2.0,0.02,800.0,0.0,0.0,false,false
0.0182533,0.01721565,-0.17735368,5.9559374,18.252733,3.1944149,0.03194415,4.6136026,2.0,0.02,800.0,0.0,0.0,false,false
0.016978772,0.016063739,-0.16787773,5.9559374,17.640202,3.3558354,0.033558354,4.2731733,2.0,0.02,800.0,0.0,0.0,false,false
0.015800117,0.014990117,-0.1594732,5.9559374,17.02177,3.505805,0.03505805,3.9340851,2.0,0.02,800.0,0.0,0.0,false,false
0.014702468,0.013978831,-0.15294372,5.718522,16.398428,3.6620312,0.03662031,3.61537,2.0,0.02,800.0,0.0,0.0,false,false
0.013683018,0.013025572,-0.14921533,5.718522,15.770987,3.8262289,0.03826229,3.3759336,2.0,0.02,800.0,0.0,0.0,false,false
0.0127392,0.012135588,-0.14709663,5.718522,15.141277,3.9928336,0.039928336,3.1369777,2.0,0.02,800.0,0.0,0.0,false,false
0.011858363,0.0113059655,-0.14455393,5.7142124,14.509724,4.1710725,0.041710723,2.8976383,2.0,0.02,800.0,0.0,0.0,false,false
0.011039662,0.010539645,-0.14045644,5.7142124,13.878017,4.3536754,0.043536752,2.6594791,2.0,0.02,800.0,0.0,0.0,false,false
0.010280743,0.009825684,-0.13719086,5.7142124,13.246788,4.548412,0.04548412,2.4219594,2.0,0.02,800.0,0.0,0.0,false,false
0.01114353,0.010483593,-0.18499184,5.71191,13.052398,1.4674523,0.014674523,2.6682537,2.0,0.02,800.0,0.0,0.0,false,false
0.015017928,0.014339755,-0.14002721,5.71191,13.848959,6.102796,0.061027963,3.704722,2.0,0.02,800.0,0.0,0.0,false,false
0.017445523,0.01630616,-0.20466758,5.71191,14.799202,6.861476,0.06861476,4.376869,2.0,0.02,800.0,0.0,0.0,false,false
0.024212986,0.017733436,-0.3770233,5.709969,15.779247,6.622285,0.06622285,4.9356027,2.0,0.02,800.0,0.0,0.0,false,false
0.029839931,0.02110614,-0.34628335,5.709969,16.647655,5.5034833,0.05503483,5.286436,2.0,0.02,800.0,0.0,0.0,false,false
0.034693334,0.026556844,-0.26726002,5.709969,17.405006,4.5492945,0.045492947,5.5780845,2.0,0.02,800.0,0.0,0.0,false,false
0.03592427,0.027616868,-0.26298633,5.7075434,17.941578,3.0828574,0.030828573,5.636226,2.0,0.02,800.0,0.0,0.0,false,false
0.038513634,0.027437469,-0.33910275,5.7075434,18.332941,2.1813195,0.021813195,5.6951675,2.0,0.02,800.0,0.0,0.0,false,false
0.0424657,0.03195014,-0.28452015,5.7075434,18.711996,2.0676172,0.020676171,5.8863626,2.0,0.02,800.0,0.0,0.0,false,false
0.04623663,0.040386815,-0.13526906,5.7197804,19.114075,2.1487746,0.021487746,6.126874,2.0,0.02,800.0,0.0,0.0,false,false
0.043999914,0.03873214,-0.12751786,5.7197804,19.333483,1.1478873,0.011478873,6.054099,2.0,0.02,800.0,0.0,0.0,false,false
0.040120054,0.034944277,-0.13812159,5.7197804,19.381031,0.24593754,0.0024593754,5.9001017,2.0,0.02,800.0,0.0,0.0,false,false
0.039849486,0.036376726,-0.09118022,5.7646465,19.427773,0.24117132,0.0024117131,5.9244213,2.0,0.02,800.0,0.0,0.0,false,false
0.041053068,0.035618287,-0.1420062,5.7646465,19.464443,0.18875393,0.0018875393,5.9336405,2.0,0.02,800.0,0.0,0.0,false,false
0.03818667,0.03231412,-0.16698222,5.7646465,19.404741,0.306723,0.0030672299,5.8007917,2.0,0.02,800.0,0.0,0.0,false,false
0.039020475,0.032694235,-0.17688777,5.9411583,19.38241,0.11508134,0.0011508134,5.827822,2.0,0.02,800.0,0.0,0.0,false,false
0.042058207,0.033866763,-0.21662042,5.9411583,19.42472,0.2182944,0.002182944,5.918152,2.0,0.02,800.0,0.0,0.0,false,false
0.041597445,0.03190421,-0.26530087,5.9411583,19.42021,0.023222364,2.3222365E-4,5.8667917,2.0,0.02,800.0,0.0,0.0,false,false
0.043395888,0.032519147,-0.28853557,5.4975967,19.44954,0.15102462,0.0015102463,5.9179444,2.0,0.02,800.0,0.0,0.0,false,false
0.04625309,0.035809215,-0.255923,5.4975967,19.54676,0.49986467,0.0049986467,6.041229,2.0,0.02,800.0,0.0,0.0,false,false
0.049507886,0.040754505,-0.19456545,5.4975967,19.70617,0.8155243,0.008155243,6.192029,2.0,0.02,800.0,0.0,0.0,false,false
0.043595888,0.03609006,-0.18894528,5.5652933,19.68675,0.09854131,9.854131E-4,5.9947023,2.0,0.02,800.0,0.0,0.0,false,false
0.040667392,0.033928275,-0.18117803,5.5652933,19.607924,0.40040588,0.004004059,5.890185,2.0,0.02,800.0,0.0,0.0,false,false
0.040835943,0.03356334,-0.19612849,5.5652933,19.55326,0.27877864,0.0027877865,5.8860106,2.0,0.02,800.0,0.0,0.0,false,false
0.03923367,0.032118887,-0.20009112,5.7271085,19.47537,0.3983499,0.003983499,5.8198066,2.0,0.02,800.0,0.0,0.0,false,false
0.037370905,0.029899275,-0.22305822,5.7271085,19.365047,0.5664742,0.005664742,5.726523,2.0,0.02,800.0,0.0,0.0,false,false
0.035395104,0.027135968,-0.26571345,5.7271085,19.219181,0.7532457,0.0075324574,5.610855,2.0,0.02,800.0,0.0,0.0,false,false
0.033375487,0.024179393,-0.322321,5.7020936,19.039984,0.9323878,0.009323878,5.479557,2.0,0.02,800.0,0.0,0.0,false,false
0.029485114,0.02094656,-0.34191117,5.7020936,18.789595,1.3150699,0.013150699,5.2703686,2.0,0.02,800.0,0.0,0.0,false,false
0.026151484,0.018287199,-0.3608597,5.7020936,18.49653,1.559715,0.01559715,5.0680084,2.0,0.02,800.0,0.0,0.0,false,false
0.02282785,0.017410869,-0.37374344,5.7106066,18.161911,1.8090934,0.018090934,4.844447,2.0,0.02,800.0,0.0,0.0,false,false
0.01963468,0.016617402,-0.3644056,5.7106066,17.794197,2.0246434,0.020246433,4.6119075,2.0,0.02,800.0,0.0,0.0,false,false
0.017778378,0.015791673,-0.35909128,5.7106066,17.393925,2.2494545,0.022494545,4.3624077,2.0,0.02,800.0,0.0,0.0,false,false
0.01686644,0.014980336,-0.35935634,5.809113,16.97007,2.436798,0.02436798,4.1095877,2.0,0.02,800.0,0.0,0.0,false,false
0.016120091,0.014316703,-0.359513,5.809113,16.553112,2.457019,0.024570191,3.8923292,2.0,0.02,800.0,0.0,0.0,false,false
0.0151668675,0.013511327,-0.35025778,5.809113,16.097029,2.7552722,0.027552722,3.624144,2.0,0.02,800.0,0.0,0.0,false,false
0.014345575,0.012887718,-0.3247479,5.697018,15.637934,2.8520482,0.028520482,3.448939,2.0,0.02,800.0,0.0,0.0,false,false
0.013673841,0.012409947,-0.29389858,5.697018,15.202664,2.7834198,0.0278342,3.3023443,2.0,0.02,800.0,0.0,0.0,false,false
0.013188813,0.012210018,-0.23367333,5.697018,14.83211,2.4374278,0.024374278,3.2100453,2.0,0.02,800.0,0.0,0.0,false,false
0.0126064215,0.011983702,-0.15351112,5.54885,14.486902,2.3274379,0.023274379,3.0984998,2.0,0.02,800.0,0.0,0.0,false,false
0.0124923065,0.011969996,-0.12942357,5.54885,14.2427025,1.6856588,0.016856588,3.0803654,2.0,0.02,800.0,0.0,0.0,false,false
0.0123604275,0.011740367,-0.15596059,5.54885,14.037046,1.4439398,0.014439398,3.0310614,2.0,0.02,800.0,0.0,0.0,false,false
0.01216382,0.011355592,-0.20834973,5.3594704,13.828909,1.4827728,0.014827728,2.9508133,2.0,0.02,800.0,0.0,0.0,false,false
0.011935674,0.0109355105,-0.2652014,5.3594704,13.609086,1.5895896,0.015895896,2.8594298,2.0,0.02,800.0,0.0,0.0,false,false
0.011845224,0.010681915,-0.31324926,5.3594704,13.420378,1.3866346,0.013866346,2.811077,2.0,0.02,800.0,0.0,0.0,false,false
0.011380495,0.010251812,-0.3165034,5.238102,13.173172,1.8420177,0.018420177,2.6751318,2.0,0.02,800.0,0.0,0.0,false,false
0.011009529,0.009855457,-0.33556455,5.238102,12.901604,2.0615256,0.020615255,2.554974,2.0,0.02,800.0,0.0,0.0,false,false
0.0110709695,0.009690954,-0.40343422,5.238102,12.711496,1.4735172,0.014735172,2.5429244,2.0,0.02,800.0,0.0,0.0,false,false
0.011353448,0.009709456,-0.47400236,5.2131214,12.6347065,0.60409766,0.006040977,2.5968783,2.0,0.02,800.0,0.0,0.0,false,false
0.01098844,0.0094293235,-0.4636947,5.2131214,12.488969,1.1534708,0.011534708,2.4915252,2.0,0.02,800.0,0.0,0.0,false,false
0.0104414215,0.008899474,-0.48420772,5.2131214,12.230175,2.0721793,0.020721793,2.3113024,2.0,0.02,800.0,0.0,0.0,false,false
0.009856509,0.008374478,-0.493768,5.1994205,11.881044,2.854666,0.02854666,2.113657,2.0,0.02,800.0,0.0,0.0,false,false
0.009271935,0.007879825,-0.4929883,5.1994205,11.465641,3.496354,0.03496354,1.9086394,2.0,0.02,800.0,0.0,0.0,false,false
0.008787483,0.007456012,-0.49790135,5.1994205,11.026997,3.8257294,0.038257293,1.7263443,2.0,0.02,800.0,0.0,0.0,false,false
0.008382971,0.0070946026,-0.5056621,5.1892686,10.591761,3.9470038,0.03947004,1.5648258,2.0,0.02,800.0,0.0,0.0,false,false
0.007974249,0.007016018,-0.3879437,5.1892686,10.198962,3.708528,0.03708528,1.4478496,2.0,0.02,800.0,0.0,0.0,false,false
0.0075144153,0.007016018,-0.20796095,5.1892686,9.836424,3.554659,0.03554659,1.3333687,2.0,0.02,800.0,0.0,0.0,false,false
0.007063379,0.007016018,-0.020386262,5.1750793,9.498017,3.4403415,0.034403414,1.2234976,2.0,0.02,800.0,0.0,0.0,false,false
0.007016018,0.007016018,0.0,5.1750793,9.264423,2.4593968,0.024593968,1.2121426,2.0,0.02,800.0,0.0,0.0,false,false
0.007016018,0.007016018,0.0,5.1750793,9.110252,1.6641186,0.016641187,1.2121426,2.0,0.02,800.0,0.0,0.0,false,false
0.007016018,0.007016018,0.0,5.1585093,9.008499,1.116909,0.011169091,1.2121426,2.0,0.02,800.0,0.0,0.0,false,false
0.007016018,0.007016018,0.0,5.1585093,8.941341,0.7454932,0.0074549317,1.2121426,2.0,0.02,800.0,0.0,0.0,false,false
0.007016018,0.007016018,0.0,5.1585093,8.897018,0.49570826,0.0049570827,1.2121426,2.0,0.02,800.0,0.0,0.0,false,false
0.007016018,0.007016018,0.0,5.138199,8.867764,0.3288063,0.0032880632,1.2121426,2.0,0.02,800.0,0.0,0.0,false,false
0.007016018,0.007016018,0.0,5.138199,8.848457,0.2177227,0.002177227,1.2121426,2.0,0.02,800.0,0.0,0.0,false,false
0.007016018,0.007016018,0.0,5.138199,8.835714,0.14401376,0.0014401376,1.2121426,2.0,0.02,800.0,0.0,0.0,false,false
0.007016018,0.007016018,0.0,5.1142125,8.827304,0.09518703,9.518703E-4,1.2121426,2.0,0.02,800.0,0.0,0.0,false,false
0.007016018,0.007016018,0.0,5.1142125,8.821753,0.062888265,6.2888267E-4,1.2121426,2.0,0.02,800.0,0.0,0.0,false,false
0.007016018,0.007016018,0.0,5.1142125,8.818089,0.041533887,4.1533887E-4,1.2121426,2.0,0.02,800.0,0.0,0.0,false,false
0.007016018,0.007016018,0.0,5.086466,8.815671,0.027415968,2.7415968E-4,1.2121426,2.0,0.02,800.0,0.0,0.0,false,false
0.007016018,0.007016018,0.0,5.086466,8.814075,0.01809842,1.8098419E-4,1.2121426,2.0,0.02,800.0,0.0,0.0,false,false
0.007016018,0.007016018,0.0,5.086466,8.813023,0.011945171,1.1945172E-4,1.2121426,2.0,0.02,800.0,0.0,0.0,false,false
0.007016018,0.007016018,0.0,5.0497923,8.812327,0.0078886505,7.888651E-5,1.2121426,2.0,0.02,800.0,0.0,0.0,false,false
0.014606038,0.01055418,-0.98458433,5.0497923,10.658089,20.945219,0.2094522,3.25837,2.0,0.02,800.0,0.0,0.0,false,false
0.017943988,0.012459433,-1.1053835,5.0497923,12.46855,16.986732,0.16986732,4.021129,2.0,0.02,800.0,0.0,0.0,false,false
0.019376004,0.013279388,-1.0306507,5.010788,13.800974,10.68628,0.106862806,4.238868,2.0,0.02,800.0,0.0,0.0,false,false
0.019259976,0.013327916,-1.0135909,5.010788,14.678883,6.361208,0.06361208,4.236506,2.0,0.02,800.0,0.0,0.0,false,false
0.018057046,0.013166739,-0.9570969,5.010788,15.180296,3.415882,0.034158822,4.112997,2.0,0.02,800.0,0.0,0.0,false,false
0.017504327,0.012985881,-0.9048032,4.956241,15.431808,1.6568356,0.016568355,3.9872487,2.0,0.02,800.0,0.0,0.0,false,false
0.017035054,0.012921439,-0.8375311,4.956241,15.535306,0.67067647,0.0067067645,3.888289,2.0,0.02,800.0,0.0,0.0,false,false
0.016380263,0.012607167,-0.79336905,4.956241,15.498386,0.2376496,0.002376496,3.7216763,2.0,0.02,800.0,0.0,0.0,false,false
0.015758336,0.0122905355,-0.7531507,7.3925242,15.369421,0.8321214,0.008321214,3.5892453,2.0,0.02,800.0,0.0,0.0,false,false
0.015472844,0.012306704,-0.69376516,7.3925242,15.248301,0.7880612,0.007880612,3.549341,2.0,0.02,800.0,0.0,0.0,false,false
0.0151596945,0.012291913,-0.6354505,7.3925242,15.126213,0.8006629,0.008006629,3.5026264,2.0,0.02,800.0,0.0,0.0,false,false
0.015046893,0.012271562,-0.6178386,7.9829154,15.029137,0.6417761,0.0064177606,3.4843407,2.0,0.02,800.0,0.0,0.0,false,false
0.015227434,0.012482589,-0.6023142,7.9829154,15.006674,0.14946197,0.0014946198,3.5304556,2.0,0.02,800.0,0.0,0.0,false,false
0.01517685,0.012399034,-0.61258364,7.9829154,14.978144,0.19011623,0.0019011622,3.5152671,2.0,0.02,800.0,0.0,0.0,false,false
0.015157627,0.012291632,-0.6351063,7.8147883,14.947615,0.2038238,0.002038238,3.5023003,2.0,0.02,800.0,0.0,0.0,false,false
0.014917629,0.012114474,-0.6307363,7.8147883,14.880618,0.44820914,0.0044820914,3.4503775,2.0,0.02,800.0,0.0,0.0,false,false
0.014845703,0.012096314,-0.62063575,7.8147883,14.8252735,0.37192395,0.0037192395,3.438045,2.0,0.02,800.0,0.0,0.0,false,false
0.014884858,0.012230553,-0.5951733,7.637422,14.805705,0.13199382,0.0013199381,3.4568408,2.0,0.02,800.0,0.0,0.0,false,false
0.015098598,0.01239447,-0.5980352,7.637422,14.834978,0.19771454,0.0019771454,3.5036,2.0,0.02,800.0,0.0,0.0,false,false
0.015796162,0.012842501,-0.62729317,7.637422,14.980879,0.98349136,0.009834914,3.6438925,2.0,0.02,800.0,0.0,0.0,false,false
0.01611276,0.013040132,-0.64115137,7.5407662,15.132505,1.0121341,0.010121341,3.7217424,2.0,0.02,800.0,0.0,0.0,false,false
0.016112037,0.012935495,-0.66542995,7.5407662,15.224134,0.6055113,0.006055113,3.7083719,2.0,0.02,800.0,0.0,0.0,false,false
0.015707014,0.012623095,-0.662362,7.5407662,15.208502,0.1026832,0.001026832,3.6115084,2.0,0.02,800.0,0.0,0.0,false,false
0.015450255,0.012422403,-0.66098183,7.493313,15.14871,0.39314568,0.0039314567,3.5566728,2.0,0.02,800.0,0.0,0.0,false,false
0.016048059,0.012717241,-0.7049366,7.493313,15.209533,0.40150276,0.0040150275,3.668319,2.0,0.02,800.0,0.0,0.0,false,false
0.016271658,0.012645808,-0.7639366,7.493313,15.272476,0.41384217,0.0041384217,3.7044194,2.0,0.02,800.0,0.0,0.0,false,false
0.01614189,0.012528642,-0.7678796,7.6711454,15.288504,0.10494336,0.0010494336,3.6648145,2.0,0.02,800.0,0.0,0.0,false,false
0.015638037,0.012365905,-0.7114029,7.6711454,15.221233,0.44000563,0.0044000563,3.5785313,2.0,0.02,800.0,0.0,0.0,false,false
0.0152946,0.012190029,-0.68751967,7.6711454,15.117472,0.68169034,0.006816903,3.5127368,2.0,0.02,800.0,0.0,0.0,false,false
0.015249909,0.012245486,-0.6648984,7.8480134,15.047747,0.46122155,0.0046122153,3.5113611,2.0,0.02,800.0,0.0,0.0,false,false
0.015122642,0.012200689,-0.6506092,7.8480134,14.981209,0.44217822,0.004421782,3.4886193,2.0,0.02,800.0,0.0,0.0,false,false
0.014729877,0.011939828,-0.636359,7.8480134,14.862459,0.79265714,0.007926571,3.405678,2.0,0.02,800.0,0.0,0.0,false,false
0.014398955,0.011763432,-0.6126054,7.8548656,14.723513,0.9348826,0.009348826,3.3385441,2.0,0.02,800.0,0.0,0.0,false,false
0.013939711,0.011487974,-0.5861849,7.8548656,14.542951,1.2263515,0.012263515,3.2400599,2.0,0.02,800.0,0.0,0.0,false,false
0.013640297,0.011348636,-0.5573661,7.8548656,14.36838,1.2003825,0.012003825,3.1786585,2.0,0.02,800.0,0.0,0.0,false,false
0.013312482,0.011158269,-0.53491443,7.7267795,14.187681,1.2576115,0.012576115,3.1060843,2.0,0.02,800.0,0.0,0.0,false,false
0.0126392245,0.010565222,-0.5431434,7.7267795,13.908125,1.9704156,0.019704156,2.9284227,2.0,0.02,800.0,0.0,0.0,false,false
0.012097318,0.010089572,-0.54994446,7.7267795,13.588333,2.2993164,0.022993164,2.778482,2.0,0.02,800.0,0.0,0.0,false,false
0.011531023,0.009592508,-0.5577539,7.605065,13.229139,2.6433985,0.026433986,2.6143029,2.0,0.02,800.0,0.0,0.0,false,false
0.014984407,0.012715768,-0.4974771,7.605065,13.808285,4.3778014,0.043778013,3.5189388,2.0,0.02,800.0,0.0,0.0,false,false
0.017519625,0.015386359,-0.39345476,7.605065,14.704808,6.492649,0.06492649,4.269916,2.0,0.02,800.0,0.0,0.0,false,false
0.017747015,0.015436867,-0.42260227,7.504868,15.323951,4.2104764,0.042104766,4.3133583,2.0,0.02,800.0,0.0,0.0,false,false
0.018139929,0.015813947,-0.41582713,7.504868,15.80163,3.1172068,0.031172069,4.42268,2.0,0.02,800.0,0.0,0.0,false,false
0.018269593,0.015539241,-0.490513,7.504868,16.109457,1.9480711,0.01948071,4.4108977,2.0,0.02,800.0,0.0,0.0,false,false
0.01720111,0.0146386,-0.48882446,7.457073,16.130646,0.1315298,0.0013152979,4.1227684,2.0,0.02,800.0,0.0,0.0,false,false
0.017883144,0.015355861,-0.46170115,7.457073,16.272861,0.8816494,0.008816494,4.325799,2.0,0.02,800.0,0.0,0.0,false,false
0.0176471,0.015080545,-0.47626048,7.457073,16.320858,0.29494825,0.0029494825,4.2531776,2.0,0.02,800.0,0.0,0.0,false,false
0.016811712,0.014243633,-0.5023205,7.5971165,16.195675,0.767013,0.00767013,4.004814,2.0,0.02,800.0,0.0,0.0,false,false
0.017526979,0.014960975,-0.47968513,7.5971165,16.247906,0.32249865,0.0032249866,4.2183304,2.0,0.02,800.0,0.0,0.0,false,false
0.017743697,0.0150399925,-0.500962,7.5971165,16.311537,0.3916262,0.003916262,4.2644973,2.0,0.02,800.0,0.0,0.0,false,false
0.016697204,0.014104815,-0.5112888,7.638265,16.16544,0.8956678,0.008956678,3.9666848,2.0,0.02,800.0,0.0,0.0,false,false
0.017261337,0.014426225,-0.5437007,7.638265,16.157677,0.048021637,4.8021637E-4,4.1070642,2.0,0.02,800.0,0.0,0.0,false,false
0.019625915,0.015366357,-0.6011405,7.638265,16.380587,1.3795915,0.013795914,4.4681177,2.0,0.02,800.0,0.0,0.0,false,false
0.01971017,0.01536454,-0.6057819,7.722421,16.53035,0.91427195,0.009142719,4.4723024,2.0,0.02,800.0,0.0,0.0,false,false
0.03258855,0.02614558,-0.2202808,7.722421,17.285637,4.5690937,0.04569094,5.511671,2.0,0.02,800.0,0.0,0.0,false,false
0.03215651,0.024173243,-0.28536835,7.722421,17.742329,2.64203,0.0264203,5.44549,2.0,0.02,800.0,0.0,0.0,false,false
0.029098723,0.021773687,-0.289992,7.8023887,17.941843,1.1245108,0.011245107,5.284145,2.0,0.02,800.0,0.0,0.0,false,false
0.061831556,0.04556566,-0.30525953,7.8023887,18.820736,4.8985653,0.048985653,6.4672337,2.0,0.02,800.0,0.0,0.0,false,false
0.06891634,0.048376363,-0.35388196,7.8023887,19.488945,3.5503876,0.035503875,6.6067863,2.0,0.02,800.0,0.0,0.0,false,false
0.062117767,0.042550914,-0.3783307,8.344056,19.81609,1.6786164,0.016786164,6.426488,2.0,0.02,800.0,0.0,0.0,false,false
0.09240679,0.07315401,-0.23363358,8.344056,20.490543,3.4035664,0.034035664,7.152506,2.0,0.02,800.0,0.0,0.0,false,false
0.08899349,0.06631862,-0.29409242,8.344056,20.87178,1.8605511,0.018605512,7.051329,2.0,0.02,800.0,0.0,0.0,false,false
0.07844224,0.05666343,-0.3252336,7.661371,20.984018,0.53774965,0.0053774966,6.830645,2.0,0.02,800.0,0.0,0.0,false,false
0.06413848,0.046566814,-0.3201563,7.661371,20.85891,0.5962095,0.005962095,6.5152674,2.0,0.02,800.0,0.0,0.0,false,false
0.051715784,0.03750895,-0.32118344,7.661371,20.560625,1.4300102,0.014300101,6.1737213,2.0,0.02,800.0,0.0,0.0,false,false
0.041613065,0.030133957,-0.32276174,7.48878,20.145744,2.017841,0.020178411,5.8285356,2.0,0.02,800.0,0.0,0.0,false,false
0.03344332,0.024212275,-0.32299215,7.48878,19.653265,2.4445825,0.024445824,5.482326,2.0,0.02,800.0,0.0,0.0,false,false
0.026857346,0.019444825,-0.32295856,7.48878,19.108929,2.769699,0.027696991,5.135103,2.0,0.02,800.0,0.0,0.0,false,false
0.021526769,0.017373856,-0.32150754,6.4701724,18.529036,3.034671,0.03034671,4.7857685,2.0,0.02,800.0,0.0,0.0,false,false
0.017962376,0.016159564,-0.3205065,6.4701724,17.926167,3.2536452,0.03253645,4.437214,2.0,0.02,800.0,0.0,0.0,false,false
0.016697967,0.015033733,-0.31815314,6.4701724,17.308075,3.4479852,0.034479853,4.0885677,2.0,0.02,800.0,0.0,0.0,false,false
0.015529352,0.013986524,-0.3170845,6.4650025,16.680721,3.62463,0.0362463,3.7411633,2.0,0.02,800.0,0.0,0.0,false,false
0.014440919,0.013015321,-0.31496575,6.4650025,16.04736,3.796969,0.03796969,3.4757488,2.0,0.02,800.0,0.0,0.0,false,false
0.013433691,0.012113347,-0.31350937,6.4650025,15.410866,3.9663453,0.039663453,3.2336037,2.0,0.02,800.0,0.0,0.0,false,false
0.012495167,0.011277461,-0.31071517,6.4584575,14.772493,4.1423526,0.041423526,2.9916704,2.0,0.02,800.0,0.0,0.0,false,false
0.011623895,0.010500789,-0.3079167,6.4584575,14.133326,4.326743,0.04326743,2.7502286,2.0,0.02,800.0,0.0,0.0,false,false
0.010820851,0.009785875,-0.30465123,6.4584575,13.495926,4.509906,0.045099057,2.5113287,2.0,0.02,800.0,0.0,0.0,false,false
0.010077028,0.009124879,-0.30076927,6.450558,12.861083,4.7039595,0.047039595,2.2739697,2.0,0.02,800.0,0.0,0.0,false,false
0.009386115,0.008515078,-0.29512924,6.450558,12.229257,4.9126997,0.049126998,2.0380821,2.0,0.02,800.0,0.0,0.0,false,false
0.0087479325,0.007953572,-0.28847432,6.450558,11.601722,5.1314225,0.051314227,1.8047458,2.0,0.02,800.0,0.0,0.0,false,false
0.008170445,0.007444967,-0.28177255,6.4442067,10.983473,5.3289413,0.053289413,1.5785614,2.0,0.02,800.0,0.0,0.0,false,false
0.007634366,0.007016018,-0.25595126,6.4442067,10.380967,5.485566,0.054855663,1.3630338,2.0,0.02,800.0,0.0,0.0,false,false
0.007140539,0.007016018,-0.053309094,6.4442067,9.874181,4.8818803,0.0488188,1.2420788,2.0,0.02,800.0,0.0,0.0,false,false
0.007016018,0.007016018,0.0,6.440077,9.5126915,3.660955,0.03660955,1.2121426,2.0,0.02,800.0,0.0,0.0,false,false
0.007016018,0.007016018,0.0,6.440077,9.274109,2.5080454,0.025080454,1.2121426,2.0,0.02,800.0,0.0,0.0,false,false
0.007016018,0.007016018,0.0,6.440077,9.116644,1.6978989,0.016978988,1.2121426,2.0,0.02,800.0,0.0,0.0,false,false
0.007016018,0.007016018,0.0,6.434515,9.012718,1.1399556,0.011399557,1.2121426,2.0,0.02,800.0,0.0,0.0,false,false
0.007016018,0.007016018,0.0,6.434515,8.944126,0.7610586,0.0076105865,1.2121426,2.0,0.02,800.0,0.0,0.0,false,false
0.007016018,0.007016018,0.0,6.434515,8.898855,0.5061525,0.0050615254,1.2121426,2.0,0.02,800.0,0.0,0.0,false,false
0.007016018,0.007016018,0.0,6.4281187,8.868977,0.33575797,0.0033575797,1.2121426,2.0,0.02,800.0,0.0,0.0,false,false
0.007016018,0.007016018,0.0,6.4281187,8.8492565,0.22234896,0.0022234896,1.2121426,2.0,0.02,800.0,0.0,0.0,false,false
0.007016018,0.007016018,0.0,6.4281187,8.836242,0.14707217,0.0014707217,1.2121426,2.0,0.02,800.0,0.0,0.0,false,false
0.007016018,0.007016018,0.0,6.419341,8.827652,0.097210385,9.7210385E-4,1.2121426,2.0,0.02,800.0,0.0,0.0,false,false
0.007016018,0.007016018,0.0,6.419341,8.821983,0.06421459,6.4214587E-4,1.2121426,2.0,0.02,800.0,0.0,0.0,false,false
0.007016018,0.007016018,0.0,6.419341,8.818241,0.042419236,4.2419237E-4,1.2121426,2.0,0.02,800.0,0.0,0.0,false,false
0.007016018,0.007016018,0.0,6.408639,8.815771,0.028010307,2.8010306E-4,1.2121426,2.0,0.02,800.0,0.0,0.0,false,false
0.010949422,0.009604115,-0.39725688,6.408639,9.98387,13.250099,0.13250099,2.5085926,2.0,0.02,800.0,0.0,0.0,false,false
0.016710026,0.013456579,-0.6561846,6.408639,11.939613,19.589035,0.19589035,3.8882055,2.0,0.02,800.0,0.0,0.0,false,false
0.01920781,0.014656082,-0.7230153,6.395812,13.533655,13.350866,0.13350867,4.368352,2.0,0.02,800.0,0.0,0.0,false,false
0.017727401,0.014557304,-0.59702593,6.395812,14.482174,7.0085926,0.07008593,4.2044005,2.0,0.02,800.0,0.0,0.0,false,false
0.020241832,0.01584426,-0.539233,6.395812,15.328016,5.840576,0.05840576,4.5524487,2.0,0.02,800.0,0.0,0.0,false,false
0.028902413,0.017066803,-0.67017037,6.378123,16.196184,5.6639285,0.056639284,5.043142,2.0,0.02,800.0,0.0,0.0,false,false
0.041989475,0.021040197,-0.6909842,6.378123,17.135674,5.8006835,0.058006834,5.6234293,2.0,0.02,800.0,0.0,0.0,false,false
0.048956502,0.024948085,-0.674135,6.378123,17.914906,4.5474257,0.045474257,5.8754478,2.0,0.02,800.0,0.0,0.0,false,false
0.04815535,0.025653409,-0.6297557,6.136667,18.4279,2.863508,0.02863508,5.8733935,2.0,0.02,800.0,0.0,0.0,false,false
0.046885125,0.025893766,-0.5936984,6.136667,18.752426,1.761057,0.01761057,5.8511453,2.0,0.02,800.0,0.0,0.0,false,false
0.041454617,0.022874825,-0.59456235,6.136667,18.843204,0.48408857,0.0048408858,5.6557484,2.0,0.02,800.0,0.0,0.0,false,false
0.044530038,0.026698682,-0.51154983,3.5119476,19.004997,0.8586265,0.008586265,5.8170567,2.0,0.02,800.0,0.0,0.0,false,false
0.042237468,0.026035689,-0.48383954,3.5119476,19.0694,0.33887684,0.0033887683,5.7499557,2.0,0.02,800.0,0.0,0.0,false,false
0.035030663,0.022060433,-0.4624381,3.5119476,18.933039,0.7150832,0.0071508316,5.4667473,2.0,0.02,800.0,0.0,0.0,false,false
0.028390795,0.018205935,-0.4565149,5.67536,18.635174,1.5732547,0.015732547,5.1376257,2.0,0.02,800.0,0.0,0.0,false,false
0.02289234,0.017113466,-0.42877316,5.67536,18.23417,2.15186,0.021518601,4.813973,2.0,0.02,800.0,0.0,0.0,false,false
0.018438077,0.016110701,-0.39536455,5.67536,17.766434,2.5651684,0.025651684,4.4924393,2.0,0.02,800.0,0.0,0.0,false,false
0.017099736,0.015219608,-0.35296574,5.569048,17.260185,2.849466,0.02849466,4.179666,2.0,0.02,800.0,0.0,0.0,false,false
0.015963815,0.014545986,-0.28184667,5.569048,16.747728,2.9690115,0.029690115,3.8973026,2.0,0.02,800.0,0.0,0.0,false,false
0.01487767,0.013693109,-0.25141886,5.569048,16.209179,3.2156565,0.032156564,3.606081,2.0,0.02,800.0,0.0,0.0,false,false
0.013857975,0.012773031,-0.24704495,5.5838284,15.640497,3.508393,0.03508393,3.3697433,2.0,0.02,800.0,0.0,0.0,false,false
0.01291661,0.011920089,-0.24330007,5.5838284,15.05364,3.7521622,0.037521623,3.1353002,2.0,0.02,800.0,0.0,0.0,false,false
0.012051016,0.0111246025,-0.2423945,5.5838284,14.456516,3.9666426,0.039666425,2.902774,2.0,0.02,800.0,0.0,0.0,false,false
0.011449223,0.010538892,-0.2510598,5.569532,13.903379,3.826211,0.03826211,2.7265098,2.0,0.02,800.0,0.0,0.0,false,false
0.010956081,0.009996972,-0.2776132,5.569532,13.39336,3.6683116,0.036683116,2.565858,2.0,0.02,800.0,0.0,0.0,false,false
0.010304001,0.009391071,-0.28112912,5.569532,12.8692875,3.9129286,0.039129287,2.35809,2.0,0.02,800.0,0.0,0.0,false,false
0.009722313,0.008837479,-0.2891572,5.374381,12.343868,4.0827374,0.040827375,2.1591082,2.0,0.02,800.0,0.0,0.0,false,false
0.009208277,0.008494979,-0.24432522,5.374381,11.851927,3.9853103,0.039853103,1.998217,2.0,0.02,800.0,0.0,0.0,false,false
0.010983123,0.010119401,-0.2481981,5.374381,12.059658,1.7527213,0.017527213,2.58831,2.0,0.02,800.0,0.0,0.0,false,false
0.011890954,0.010889268,-0.26666698,5.3701787,12.429369,3.0656834,0.030656833,2.8461163,2.0,0.02,800.0,0.0,0.0,false,false
0.012422072,0.011194593,-0.31528416,5.3701787,12.784996,2.8611834,0.028611835,2.9698265,2.0,0.02,800.0,0.0,0.0,false,false
0.012411219,0.011212944,-0.30767232,5.3701787,13.02028,1.8403122,0.018403122,2.9704576,2.0,0.02,800.0,0.0,0.0,false,false
0.0133644715,0.011836472,-0.36792168,5.3663087,13.374721,2.7222202,0.027222201,3.1911862,2.0,0.02,800.0,0.0,0.0,false,false
0.013278241,0.011671254,-0.39090103,5.3663087,13.5797,1.5325919,0.01532592,3.159099,2.0,0.02,800.0,0.0,0.0,false,false
0.015238766,0.013480155,-0.37158749,5.3663087,14.140146,4.127085,0.041270852,3.6303167,2.0,0.02,800.0,0.0,0.0,false,false
0.01532166,0.013851382,-0.30570513,5.3378534,14.553896,2.9260638,0.029260637,3.6841776,2.0,0.02,800.0,0.0,0.0,false,false
0.016139518,0.01461711,-0.3002369,5.3378534,14.986881,2.9750473,0.029750474,3.9373677,2.0,0.02,800.0,0.0,0.0,false,false
0.016726082,0.014767657,-0.37736315,5.3378534,15.348736,2.4144754,0.024144754,4.057834,2.0,0.02,800.0,0.0,0.0,false,false
0.016554156,0.014492449,-0.40305838,5.3648663,15.5458765,1.28441,0.0128441,3.991836,2.0,0.02,800.0,0.0,0.0,false,false
0.016535396,0.014390993,-0.4209105,5.3648663,15.66544,0.76909846,0.0076909848,3.975133,2.0,0.02,800.0,0.0,0.0,false,false
0.016162362,0.013983544,-0.43879983,5.3648663,15.668156,0.017337939,1.7337939E-4,3.8544881,2.0,0.02,800.0,0.0,0.0,false,false
0.017939009,0.0154139185,-0.45971623,5.438212,15.977838,1.9765052,0.019765051,4.34198,2.0,0.02,800.0,0.0,0.0,false,false
0.01753462,0.015453784,-0.38279766,5.438212,16.143612,1.0375267,0.010375268,4.280841,2.0,0.02,800.0,0.0,0.0,false,false
0.01774385,0.015529959,-0.40384126,5.438212,16.280489,0.8478713,0.008478713,4.3243275,2.0,0.02,800.0,0.0,0.0,false,false
0.017334871,0.015230171,-0.3922487,5.1412582,16.304825,0.14947869,0.0014947868,4.219822,2.0,0.02,800.0,0.0,0.0,false,false
0.01705025,0.015053014,-0.37753552,5.1412582,16.276676,0.17264001,0.0017264001,4.149822,2.0,0.02,800.0,0.0,0.0,false,false
0.016557591,0.014628161,-0.3754414,5.1412582,16.170101,0.6547714,0.0065477137,4.0104923,2.0,0.02,800.0,0.0,0.0,false,false
0.01700333,0.014869379,-0.40637922,5.30394,16.167776,0.014378747,1.4378747E-4,4.1181846,2.0,0.02,800.0,0.0,0.0,false,false
0.016379405,0.014553126,-0.35824013,5.30394,16.07248,0.58942467,0.0058942465,3.969728,2.0,0.02,800.0,0.0,0.0,false,false
0.015793744,0.014263465,-0.3088263,5.30394,15.919872,0.9494924,0.009494924,3.8276842,2.0,0.02,800.0,0.0,0.0,false,false
0.015503449,0.01386038,-0.33947957,5.311038,15.750072,1.0665963,0.0106659625,3.7183065,2.0,0.02,800.0,0.0,0.0,false,false
0.015242792,0.013550976,-0.35650843,5.311038,15.579573,1.0825274,0.0108252745,3.6380556,2.0,0.02,800.0,0.0,0.0,false,false
0.0149497725,0.013197929,-0.37768543,5.311038,15.399557,1.1554589,0.0115545895,3.5632575,2.0,0.02,800.0,0.0,0.0,false,false
0.015617395,0.013689584,-0.39924377,5.3853216,15.4044285,0.031633172,3.1633172E-4,3.7147682,2.0,0.02,800.0,0.0,0.0,false,false
0.016037464,0.014198945,-0.36896977,5.3853216,15.5003395,0.6226198,0.0062261983,3.8615363,2.0,0.02,800.0,0.0,0.0,false,false
0.015884005,0.01436018,-0.30561653,5.3853216,15.56089,0.39064106,0.0039064107,3.8571808,2.0,0.02,800.0,0.0,0.0,false,false
0.015640296,0.014188048,-0.29530525,5.533196,15.558386,0.016093865,1.6093865E-4,3.7899408,2.0,0.02,800.0,0.0,0.0,false,false
0.016537461,0.0144565385,-0.40751854,5.533196,15.679403,0.77782786,0.0077782786,3.9841704,2.0,0.02,800.0,0.0,0.0,false,false
0.01666893,0.014393779,-0.4446988,5.533196,15.768583,0.5687716,0.005687716,3.998907,2.0,0.02,800.0,0.0,0.0,false,false
0.017385093,0.01502337,-0.44244108,5.6066995,15.955797,1.1872588,0.011872589,4.202137,2.0,0.02,800.0,0.0,0.0,false,false
0.016827729,0.0149966525,-0.34909353,5.6066995,16.018175,0.39094213,0.003909421,4.1052628,2.0,0.02,800.0,0.0,0.0,false,false
0.016645866,0.0147914635,-0.3579132,5.6066995,16.022778,0.028732562,2.8732562E-4,4.047365,2.0,0.02,800.0,0.0,0.0,false,false
0.01654546,0.014683495,-0.36178112,5.7600574,16.005892,0.10538596,0.0010538596,4.0158195,2.0,0.02,800.0,0.0,0.0,false,false
0.017580498,0.015523289,-0.3771176,5.7600574,16.172354,1.0400043,0.010400042,4.2970304,2.0,0.02,800.0,0.0,0.0,false,false
0.017395848,0.015403742,-0.36854807,5.7600574,16.253717,0.5031035,0.005031035,4.2519045,2.0,0.02,800.0,0.0,0.0,false,false
0.016944012,0.01511637,-0.3458661,5.9972806,16.237005,0.10282071,0.0010282071,4.140418,2.0,0.02,800.0,0.0,0.0,false,false
0.01612618,0.014522312,-0.31744862,5.9972806,16.08794,0.9180574,0.009180574,3.921862,2.0,0.02,800.0,0.0,0.0,false,false
0.017223444,0.0149195,-0.43515888,5.9972806,16.14112,0.3305625,0.003305625,4.161836,2.0,0.02,800.0,0.0,0.0,false,false
0.021571744,0.016202409,-0.53512937,6.0797763,16.488068,2.1494586,0.021494586,4.655597,2.0,0.02,800.0,0.0,0.0,false,false
0.018750781,0.01574221,-0.48229706,6.0797763,16.596743,0.65911305,0.0065911305,4.4651065,2.0,0.02,800.0,0.0,0.0,false,false
0.017486574,0.014949851,-0.47494546,6.0797763,16.507431,0.53812724,0.0053812726,4.21013,2.0,0.02,800.0,0.0,0.0,false,false
0.017096223,0.014805647,-0.43590564,6.1751604,16.395226,0.6797272,0.0067972722,4.1258016,2.0,0.02,800.0,0.0,0.0,false,false
0.019279893,0.015994018,-0.46203566,6.1751604,16.571077,1.0725794,0.010725794,4.521488,2.0,0.02,800.0,0.0,0.0,false,false
0.01836572,0.016116787,-0.39028805,6.1751604,16.666906,0.57829076,0.005782908,4.4894533,2.0,0.02,800.0,0.0,0.0,false,false
0.018250689,0.016259806,-0.3500194,6.392339,16.733107,0.39719582,0.003971958,4.49413,2.0,0.02,800.0,0.0,0.0,false,false
0.017738495,0.015820019,-0.3468508,6.392339,16.69185,0.24655284,0.0024655284,4.3596277,2.0,0.02,800.0,0.0,0.0,false,false
0.016687365,0.01499543,-0.323959,6.392339,16.48906,1.2149115,0.012149115,4.0816555,2.0,0.02,800.0,0.0,0.0,false,false
0.0156726,0.014101271,-0.3201486,6.8086514,16.166704,1.9549645,0.019549645,3.7831738,2.0,0.02,800.0,0.0,0.0,false,false
0.014969125,0.013438695,-0.32682237,6.8086514,15.811983,2.194146,0.021941459,3.5908766,2.0,0.02,800.0,0.0,0.0,false,false
0.014105124,0.012650452,-0.32983327,6.8086514,15.396451,2.627957,0.02627957,3.3898065,2.0,0.02,800.0,0.0,0.0,false,false
0.013341009,0.0119211525,-0.34099412,7.0311413,14.948772,2.9076738,0.029076738,3.19759,2.0,0.02,800.0,0.0,0.0,false,false
0.016561506,0.014257774,-0.453875,7.0311413,15.263199,2.1033595,0.021033594,3.9622252,2.0,0.02,800.0,0.0,0.0,false,false
0.016418017,0.014509148,-0.37454572,7.0311413,15.475918,1.3936722,0.013936723,3.9704556,2.0,0.02,800.0,0.0,0.0,false,false
0.016875282,0.015039684,-0.34896204,6.848358,15.71006,1.5129461,0.015129462,4.118888,2.0,0.02,800.0,0.0,0.0,false,false
0.016853826,0.014922018,-0.3689078,6.848358,15.852535,0.90690374,0.009069038,4.0997963,2.0,0.02,800.0,0.0,0.0,false,false
0.015929734,0.014128058,-0.3637113,6.848358,15.777819,0.4713225,0.004713225,3.8326073,2.0,0.02,800.0,0.0,0.0,false,false
0.015151044,0.013419843,-0.36768204,6.7408786,15.5750065,1.285426,0.01285426,3.612697,2.0,0.02,800.0,0.0,0.0,false,false
0.014614621,0.013015563,-0.3511411,6.7408786,15.3387165,1.51711,0.015171099,3.4991665,2.0,0.02,800.0,0.0,0.0,false,false
0.016593125,0.014839842,-0.33840185,6.7408786,15.572793,1.5260501,0.015260501,4.044924,2.0,0.02,800.0,0.0,0.0,false,false
0.01742832,0.015698269,-0.31680635,6.692122,15.885141,2.005731,0.020057311,4.2948656,2.0,0.02,800.0,0.0,0.0,false,false
0.017128136,0.0156126665,-0.28072646,6.692122,16.054007,1.0630387,0.010630387,4.2358313,2.0,0.02,800.0,0.0,0.0,false,false
0.016164944,0.014797876,-0.26776144,6.692122,15.995671,0.36336914,0.0036336912,3.9670029,2.0,0.02,800.0,0.0,0.0,false,false
0.015612905,0.014150219,-0.2980839,6.5332255,15.838844,0.9804338,0.009804338,3.7796552,2.0,0.02,800.0,0.0,0.0,false,false
0.015367126,0.013763749,-0.33391684,6.5332255,15.672148,1.052454,0.01052454,3.6796014,2.0,0.02,800.0,0.0,0.0,false,false
0.016653359,0.014825216,-0.35237107,6.5332255,15.798048,0.8033377,0.008033377,4.053142,2.0,0.02,800.0,0.0,0.0,false,false
0.016946016,0.015060252,-0.35749555,6.4646945,15.93182,0.8467622,0.008467622,4.133381,2.0,0.02,800.0,0.0,0.0,false,false
0.016475605,0.014653776,-0.3550988,6.4646945,15.935787,0.024901645,2.4901645E-4,3.9998715,2.0,0.02,800.0,0.0,0.0,false,false
0.01571216,0.01403751,-0.3415222,6.4646945,15.800249,0.8505265,0.008505265,3.781124,2.0,0.02,800.0,0.0,0.0,false,false
0.01479583,0.0133844325,-0.30379647,6.413128,15.544549,1.6183296,0.016183296,3.5625322,2.0,0.02,800.0,0.0,0.0,false,false
0.014061233,0.013003882,-0.23688912,6.413128,15.250433,1.8920846,0.018920846,3.4235978,2.0,0.02,800.0,0.0,0.0,false,false
0.013363827,0.012499761,-0.202552,6.413128,14.917454,2.183408,0.021834081,3.2696924,2.0,0.02,800.0,0.0,0.0,false,false
0.012478894,0.011686792,-0.19872612,6.3950677,14.491796,2.853424,0.028534241,3.0414948,2.0,0.02,800.0,0.0,0.0,false,false
0.011660752,0.010917291,-0.19963872,6.3950677,14.004965,3.359354,0.03359354,2.813293,2.0,0.02,800.0,0.0,0.0,false,false
0.010904794,0.010214557,-0.19814672,6.3950677,13.481219,3.7397134,0.037397135,2.5889244,2.0,0.02,800.0,0.0,0.0,false,false
0.010404207,0.009668808,-0.22213747,6.2639904,12.982407,3.7000558,0.03700056,2.4191947,2.0,0.02,800.0,0.0,0.0,false,false
0.009771531,0.009066086,-0.22706965,6.2639904,12.460889,4.017112,0.040171117,2.2060604,2.0,0.02,800.0,0.0,0.0,false,false
0.009211667,0.008536999,-0.23048848,6.2639904,11.936376,4.209276,0.042092763,2.0062156,2.0,0.02,800.0,0.0,0.0,false,false
0.010383237,0.0088522835,-0.48338625,4.901345,11.848845,0.7333138,0.007333138,2.292883,2.0,0.02,800.0,0.0,0.0,false,false
0.010480924,0.00924295,-0.38089663,4.901345,11.859793,0.092398725,9.2398725E-4,2.3690472,2.0,0.02,800.0,0.0,0.0,false,false
0.0112049645,0.009831471,-0.39626783,4.901345,12.063232,1.7153733,0.017153732,2.5865161,2.0,0.02,800.0,0.0,0.0,false,false
0.015694413,0.013267457,-0.50906277,4.8933992,13.174707,9.213741,0.09213741,3.6708367,2.0,0.02,800.0,0.0,0.0,false,false
0.01741238,0.014663778,-0.5206087,4.8933992,14.218739,7.9245114,0.07924511,4.1623955,2.0,0.02,800.0,0.0,0.0,false,false
0.017009526,0.014382507,-0.5083662,4.8933992,14.841448,4.3794975,0.043794975,4.0573378,2.0,0.02,800.0,0.0,0.0,false,false
0.016168443,0.013815788,-0.47651404,4.90391,15.110845,1.815165,0.01815165,3.8331516,2.0,0.02,800.0,0.0,0.0,false,false
0.015444391,0.013275025,-0.4586713,4.90391,15.156685,0.30336002,0.0030336003,3.6369486,2.0,0.02,800.0,0.0,0.0,false,false
0.014453616,0.01243482,-0.45589155,4.90391,14.987104,1.1188493,0.011188493,3.415465,2.0,0.02,800.0,0.0,0.0,false,false
0.0134564,0.011749782,-0.4109698,4.9194875,14.676213,2.0743911,0.02074391,3.1949425,2.0,0.02,800.0,0.0,0.0,false,false
0.012535862,0.011103616,-0.3676447,4.9194875,14.273792,2.7419946,0.027419947,2.9763417,2.0,0.02,800.0,0.0,0.0,false,false
0.011681348,0.010381742,-0.35740778,4.9194875,13.798455,3.3301382,0.033301383,2.7438812,2.0,0.02,800.0,0.0,0.0,false,false
0.010886573,0.009702112,-0.3490518,5.4832907,13.274657,3.7960627,0.037960626,2.5110471,2.0,0.02,800.0,0.0,0.0,false,false
0.043715384,0.17534673,1.3890654,5.4832907,16.453215,23.944553,0.23944554,7.595866,2.0,0.02,800.0,0.0,0.0,false,false
0.047656525,0.21233477,1.4941444,5.4832907,18.722355,13.791471,0.1379147,7.8670807,2.0,0.02,800.0,0.0,0.0,false,false
0.04462952,0.19878244,1.4938155,5.481399,20.154095,7.6472206,0.07647221,7.7627497,2.0,0.02,800.0,0.0,0.0,false,false
0.03901094,0.17329295,1.4911414,5.481399,20.962307,4.010164,0.04010164,7.546251,2.0,0.02,800.0,0.0,0.0,false,false
0.032550797,0.1444256,1.4899627,5.481399,21.313725,1.6764259,0.016764259,7.25808,2.0,0.02,800.0,0.0,0.0,false,false
0.026691828,0.11837432,1.4894943,4.8965373,21.346834,0.15534434,0.0015534434,6.9432716,2.0,0.02,800.0,0.0,0.0,false,false
0.0217587,0.09634248,1.4878957,4.8965373,21.163038,0.8609985,0.008609985,6.617662,2.0,0.02,800.0,0.0,0.0,false,false
0.01809498,0.078176685,1.4879457,4.8965373,20.832787,1.5605117,0.015605117,6.286829,2.0,0.02,800.0,0.0,0.0,false,false
0.016854662,0.063046806,1.4880248,2.6629233,20.399712,2.0788143,0.020788142,5.946241,2.0,0.02,800.0,0.0,0.0,false,false
0.015687987,0.05064777,1.4864129,2.6629233,19.895195,2.4731555,0.024731556,5.5999894,2.0,0.02,800.0,0.0,0.0,false,false
0.014598059,0.040622137,1.4840332,2.6629233,19.342072,2.7801862,0.027801862,5.2514296,2.0,0.02,800.0,0.0,0.0,false,false
0.013593936,0.032590415,1.4796911,2.676584,18.75752,3.022173,0.03022173,4.903902,2.0,0.02,800.0,0.0,0.0,false,false
0.012660705,0.026134629,1.4744514,2.676584,18.151934,3.2285023,0.032285023,4.5559125,2.0,0.02,800.0,0.0,0.0,false,false
0.011793654,0.020963492,1.4689478,2.676584,17.532795,3.4108691,0.03410869,4.208448,2.0,0.02,800.0,0.0,0.0,false,false
0.010989949,0.01780601,1.4622879,2.675422,16.904873,3.5814145,0.035814144,3.8612387,2.0,0.02,800.0,0.0,0.0,false,false
0.010242426,0.016558452,1.4556308,2.675422,16.271582,3.746205,0.037462052,3.5602927,2.0,0.02,800.0,0.0,0.0,false,false
0.009555653,0.015402391,1.4466344,2.675422,15.636001,3.9060802,0.0390608,3.3191106,2.0,0.02,800.0,0.0,0.0,false,false
0.008923099,0.014328847,1.4352479,2.675112,14.999765,4.069041,0.040690407,3.0788765,2.0,0.02,800.0,0.0,0.0,false,false
0.008333929,0.013331692,1.4236647,2.675112,14.363508,4.2417808,0.04241781,2.8390994,2.0,0.02,800.0,0.0,0.0,false,false
0.0077824313,0.01240548,1.4129384,2.675112,13.72747,4.4281507,0.04428151,2.5995789,2.0,0.02,800.0,0.0,0.0,false,false
0.0072695054,0.011544419,1.4015567,2.674803,13.091935,4.6296606,0.046296604,2.3604555,2.0,0.02,800.0,0.0,0.0,false,false
0.007016018,0.010747686,1.2924074,2.674803,12.47831,4.68705,0.0468705,2.145248,2.0,0.02,800.0,0.0,0.0,false,false
0.007016018,0.010012271,1.0776216,2.674803,11.908862,4.563499,0.04563499,1.9629785,2.0,0.02,800.0,0.0,0.0,false,false
0.007016018,0.009331533,0.864252,2.6745033,11.378305,4.4551415,0.044551417,1.7914948,2.0,0.02,800.0,0.0,0.0,false,false
0.007016018,0.008704542,0.6534816,2.6745033,10.884611,4.338909,0.04338909,1.6324195,2.0,0.02,800.0,0.0,0.0,false,false
0.007016018,0.008123311,0.44406676,2.6745033,10.426059,4.2128506,0.042128503,1.4853282,2.0,0.02,800.0,0.0,0.0,false,false
0.007016018,0.007593384,0.2396408,2.674192,10.003913,4.0489492,0.040489495,1.3528807,2.0,0.02,800.0,0.0,0.0,false,false
0.007016018,0.007109344,0.040042423,2.674192,9.618537,3.8522522,0.038522523,1.2345552,2.0,0.02,800.0,0.0,0.0,false,false
0.007016018,0.007016018,0.0,2.674192,9.343967,2.854587,0.028545871,1.2121426,2.0,0.02,800.0,0.0,0.0,false,false
0.007016018,0.007016018,0.0,2.6738997,9.162751,1.9393928,0.019393928,1.2121426,2.0,0.02,800.0,0.0,0.0,false,false
0.007016018,0.007016018,0.0,2.6738997,9.043148,1.3053193,0.013053193,1.2121426,2.0,0.02,800.0,0.0,0.0,false,false
0.007016018,0.007016018,0.0,2.6738997,8.9642105,0.87289876,0.008728988,1.2121426,2.0,0.02,800.0,0.0,0.0,false,false
0.007016018,0.007016018,0.0,2.673608,8.912111,0.5811915,0.005811915,1.2121426,2.0,0.02,800.0,0.0,0.0,false,false
0.007016018,0.007016018,0.0,2.673608,8.877726,0.38583094,0.0038583092,1.2121426,2.0,0.02,800.0,0.0,0.0,false,false
0.007016018,0.007016018,0.0,2.673608,8.855032,0.2556244,0.0025562441,1.2121426,2.0,0.02,800.0,0.0,0.0,false,false
0.007016018,0.007016018,0.0,2.6733084,8.840054,0.16915138,0.0016915138,1.2121426,2.0,0.02,800.0,0.0,0.0,false,false
0.007016018,0.007016018,0.0,2.6733084,8.830168,0.111829504,0.001118295,1.2121426,2.0,0.02,800.0,0.0,0.0,false,false
0.007016018,0.007016018,0.0,2.6733084,8.823643,0.07389485,7.389485E-4,1.2121426,2.0,0.02,800.0,0.0,0.0,false,false
0.007016018,0.007016018,0.0,2.6729984,8.819337,0.04879889,4.8798887E-4,1.2121426,2.0,0.02,800.0,0.0,0.0,false,false
0.007016018,0.007016018,0.0,2.6729984,8.816495,0.032224074,3.2224072E-4,1.2121426,2.0,0.02,800.0,0.0,0.0,false,false
0.007016018,0.007016018,0.0,2.6729984,8.814619,0.021276906,2.1276907E-4,1.2121426,2.0,0.02,800.0,0.0,0.0,false,false
0.007016018,0.007016018,0.0,2.672683,8.813381,0.014043367,1.4043367E-4,1.2121426,2.0,0.02,800.0,0.0,0.0,false,false
0.007016018,0.007016018,0.0,2.672683,8.812564,0.009273387,9.273386E-5,1.2121426,2.0,0.02,800.0,0.0,0.0,false,false
0.007016018,0.007016018,0.0,2.672683,8.812025,0.006114293,6.114293E-5,1.2121426,2.0,0.02,800.0,0.0,0.0,false,false
0.007016018,0.007016018,0.0,2.6723514,8.811668,0.004047585,4.047585E-5,1.2121426,2.0,0.02,800.0,0.0,0.0,false,false
0.007016018,0.007016018,0.0,2.6723514,8.811434,0.002662423,2.662423E-5,1.2121426,2.0,0.02,800.0,0.0,0.0,false,false
0.007016018,0.007016018,0.0,2.6723514,8.811279,0.0017533496,1.7533495E-5,1.2121426,2.0,0.02,800.0,0.0,0.0,false,false
0.007016018,0.007016018,0.0,2.6720054,8.811176,0.0011689202,1.1689202E-5,1.2121426,2.0,0.02,800.0,0.0,0.0,false,false
0.007016018,0.007016018,0.0,2.6720054,8.81111,7.576423E-4,7.5764233E-6,1.2121426,2.0,0.02,800.0,0.0,0.0,false,false
0.007016018,0.007016018,0.0,2.6720054,8.811065,5.0870655E-4,5.087066E-6,1.2121426,2.0,0.02,800.0,0.0,0.0,false,false
0.007016018,0.007016018,0.0,2.671622,8.811035,3.3553157E-4,3.3553158E-6,1.2121426,2.0,0.02,800.0,0.0,0.0,false,false
0.007016018,0.007016018,0.0,2.671622,8.811016,2.164727E-4,2.164727E-6,1.2121426,2.0,0.02,800.0,0.0,0.0,false,false
0.007016018,0.007016018,0.0,2.671622,8.811003,1.5153122E-4,1.5153122E-6,1.2121426,2.0,0.02,800.0,0.0,0.0,false,false
0.007016018,0.007016018,0.0,2.6712134,8.810994,9.741308E-5,9.741308E-7,1.2121426,2.0,0.02,800.0,0.0,0.0,false,false
0.007016018,0.007016018,0.0,2.6712134,8.810989,5.411843E-5,5.411843E-7,1.2121426,2.0,0.02,800.0,0.0,0.0,false,false
0.007016018,0.007016018,0.0,2.6712134,8.810986,4.3294767E-5,4.3294767E-7,1.2121426,2.0,0.02,800.0,0.0,0.0,false,false
0.028591534,0.09117498,1.1596696,2.6707613,12.903379,46.446495,0.46446493,6.639832,2.0,0.02,800.0,0.0,0.0,false,false
0.035791453,0.11182107,1.1391909,2.6707613,15.813406,22.552437,0.22552437,6.970823,2.0,0.02,800.0,0.0,0.0,false,false
0.031184094,0.09683012,1.1330501,2.6707613,17.591576,11.244698,0.11244697,6.745278,2.0,0.02,800.0,0.0,0.0,false,false
0.025909143,0.080777906,1.1371076,2.670294,18.582926,5.635369,0.05635369,6.456729,2.0,0.02,800.0,0.0,0.0,false,false
0.021360362,0.06670285,1.1387109,2.670294,19.045372,2.4885545,0.024885545,6.152974,2.0,0.02,800.0,0.0,0.0,false,false
0.018038888,0.05467701,1.1398257,2.670294,19.151512,0.55730146,0.0055730147,5.837773,2.0,0.02,800.0,0.0,0.0,false,false
0.016856767,0.044591635,1.1413151,2.6698017,19.017305,0.70076334,0.0070076333,5.5143647,2.0,0.02,800.0,0.0,0.0,false,false
0.015711756,0.036025215,1.1411494,2.6698017,18.715443,1.5873054,0.015873054,5.17666,2.0,0.02,800.0,0.0,0.0,false,false
0.014626912,0.028929364,1.1385932,2.6698017,18.29747,2.233303,0.022333032,4.830318,2.0,0.02,800.0,0.0,0.0,false,false
0.013617032,0.02321784,1.1354501,2.3511183,17.802437,2.705474,0.027054738,4.483294,2.0,0.02,800.0,0.0,0.0,false,false
0.0126760425,0.018628933,1.1322384,2.3511183,17.25629,3.0678182,0.030678181,4.135874,2.0,0.02,800.0,0.0,0.0,false,false
0.011808763,0.017129418,1.127137,2.3511183,16.677216,3.3557317,0.03355732,3.7897289,2.0,0.02,800.0,0.0,0.0,false,false
0.011009729,0.015932506,1.119947,2.3496728,16.07729,3.5972793,0.035972793,3.5114841,2.0,0.02,800.0,0.0,0.0,false,false
0.0102594355,0.014820084,1.1145023,2.3496728,15.463352,3.8186622,0.03818662,3.2698836,2.0,0.02,800.0,0.0,0.0,false,false
0.009576102,0.0137875015,1.1045207,2.3496728,14.841777,4.0196676,0.040196676,3.0300663,2.0,0.02,800.0,0.0,0.0,false,false
0.008935677,0.012829812,1.0961196,2.3493605,14.215481,4.2198186,0.042198185,2.7906032,2.0,0.02,800.0,0.0,0.0,false,false
0.008346094,0.011942852,1.0858767,2.3493605,13.587614,4.4167814,0.044167817,2.552853,2.0,0.02,800.0,0.0,0.0,false,false
0.0077975537,0.0111189755,1.0752811,2.3493605,12.959301,4.6241603,0.046241604,2.3157578,2.0,0.02,800.0,0.0,0.0,false,false
0.0072884425,0.010355578,1.06435,2.3490303,12.331868,4.8415637,0.04841564,2.0799646,2.0,0.02,800.0,0.0,0.0,false,false
0.007016018,0.0096490355,0.96564233,2.3490303,11.729879,4.8815703,0.0488157,1.8717271,2.0,0.02,800.0,0.0,0.0,false,false
0.007016018,0.008998918,0.7542676,2.3490303,11.184077,4.6530924,0.046530925,1.7071509,2.0,0.02,800.0,0.0,0.0,false,false
0.007016018,0.008397731,0.54474324,2.348711,10.686238,4.451319,0.044513192,1.554635,2.0,0.02,800.0,0.0,0.0,false,false
0.007016018,0.007845064,0.33844915,2.348711,10.232125,4.249512,0.042495124,1.4154944,2.0,0.02,800.0,0.0,0.0,false,false
0.007016018,0.007340018,0.13680468,2.348711,9.819675,4.03093,0.040309303,1.2905462,2.0,0.02,800.0,0.0,0.0,false,false
0.007016018,0.007016018,0.0,2.348408,9.476719,3.4925447,0.034925446,1.2121426,2.0,0.02,800.0,0.0,0.0,false,false
0.007016018,0.007016018,0.0,2.348408,9.250367,2.3885033,0.023885032,1.2121426,2.0,0.02,800.0,0.0,0.0,false,false
0.007016018,0.007016018,0.0,2.348408,9.100975,1.614986,0.01614986,1.2121426,2.0,0.02,800.0,0.0,0.0,false,false
0.007016018,0.007016018,0.0,2.3481078,9.002377,1.0833837,0.010833837,1.2121426,2.0,0.02,800.0,0.0,0.0,false,false
0.007016018,0.007016018,0.0,2.3481078,8.937302,0.7228638,0.007228638,1.2121426,2.0,0.02,800.0,0.0,0.0,false,false
0.007016018,0.007016018,0.0,2.3481078,8.894352,0.4805665,0.004805665,1.2121426,2.0,0.02,800.0,0.0,0.0,false,false
0.007016018,0.007016018,0.0,2.3478034,8.866005,0.31870803,0.0031870804,1.2121426,2.0,0.02,800.0,0.0,0.0,false,false
0.007016018,0.007016018,0.0,2.3478034,8.847296,0.21102156,0.0021102156,1.2121426,2.0,0.02,800.0,0.0,0.0,false,false
0.007016018,0.007016018,0.0,2.3478034,8.834948,0.13957006,0.0013957005,1.2121426,2.0,0.02,800.0,0.0,0.0,false,false
0.007016018,0.007016018,0.0,2.3474917,8.8267975,0.09224843,9.224843E-4,1.2121426,2.0,0.02,800.0,0.0,0.0,false,false
0.007016018,0.007016018,0.0,2.3474917,8.821419,0.06093629,6.093629E-4,1.2121426,2.0,0.02,800.0,0.0,0.0,false,false
0.007016018,0.007016018,0.0,2.3474917,8.817869,0.04023815,4.023815E-4,1.2121426,2.0,0.02,800.0,0.0,0.0,false,false
0.007016018,0.007016018,0.0,2.347172,8.815526,0.02657306,2.657306E-4,1.2121426,2.0,0.02,800.0,0.0,0.0,false,false
0.007016018,0.007016018,0.0,2.347172,8.81398,0.017536175,1.7536175E-4,1.2121426,2.0,0.02,800.0,0.0,0.0,false,false
0.007016018,0.007016018,0.0,2.347172,8.81296,0.01157742,1.157742E-4,1.2121426,2.0,0.02,800.0,0.0,0.0,false,false
0.007016018,0.007016018,0.0,2.346838,8.812286,0.007639818,7.639818E-5,1.2121426,2.0,0.02,800.0,0.0,0.0,false,false
0.007016018,0.007016018,0.0,2.346838,8.811842,0.005043098,5.043098E-5,1.2121426,2.0,0.02,800.0,0.0,0.0,false,false
0.007016018,0.007016018,0.0,2.346838,8.811548,0.0033333744,3.3333745E-5,1.2121426,2.0,0.02,800.0,0.0,0.0,false,false
0.007016018,0.007016018,0.0,2.3464856,8.811354,0.002207893,2.207893E-5,1.2121426,2.0,0.02,800.0,0.0,0.0,false,false
0.007016018,0.007016018,0.0,2.3464856,8.811226,0.0014503148,1.4503147E-5,1.2121426,2.0,0.02,800.0,0.0,0.0,false,false
0.007016018,0.007016018,0.0,2.3464856,8.811142,9.5245935E-4,9.524593E-6,1.2121426,2.0,0.02,800.0,0.0,0.0,false,false
0.007016018,0.007016018,0.0,2.3461103,8.811087,6.277633E-4,6.2776326E-6,1.2121426,2.0,0.02,800.0,0.0,0.0,false,false
0.007016018,0.007016018,0.0,2.3461103,8.81105,4.1129574E-4,4.1129574E-6,1.2121426,2.0,0.02,800.0,0.0,0.0,false,false
0.007016018,0.007016018,0.0,2.3461103,8.811026,2.8141402E-4,2.8141403E-6,1.2121426,2.0,0.02,800.0,0.0,0.0,false,false
0.016617695,0.06395724,1.5452688,2.3457062,12.469383,41.520226,0.41520226,5.952629,2.0,0.02,800.0,0.0,0.0,false,false
0.016358446,0.060587216,1.5387862,2.3457062,14.830912,18.938614,0.18938614,5.868731,2.0,0.02,800.0,0.0,0.0,false,false
0.015536478,0.052116945,1.544416,2.3457062,16.237934,9.487094,0.09487094,5.6287193,2.0,0.02,800.0,0.0,0.0,false,false
0.014613283,0.043622296,1.5521288,2.345259,16.987295,4.614879,0.046148792,5.344869,2.0,0.02,800.0,0.0,0.0,false,false
0.013672948,0.035901856,1.5589,2.345259,17.285913,1.757892,0.01757892,5.0346,2.0,0.02,800.0,0.0,0.0,false,false
0.012764075,0.029256748,1.5626605,2.345259,17.27767,0.04768947,4.7689473E-4,4.7094913,2.0,0.02,800.0,0.0,0.0,false,false
0.011926252,0.02377052,1.5607305,2.3447373,17.0649,1.2314765,0.012314766,4.38122,2.0,0.02,800.0,0.0,0.0,false,false
0.0111376755,0.019233828,1.5562539,2.3447373,16.713474,2.0593452,0.020593451,4.047141,2.0,0.02,800.0,0.0,0.0,false,false
0.01038649,0.017323742,1.5502177,2.3447373,16.264954,2.683587,0.026835872,3.7042224,2.0,0.02,800.0,0.0,0.0,false,false
0.009706012,0.016120376,1.5373906,0.8702317,15.753024,3.1474392,0.031474393,3.4536598,2.0,0.02,800.0,0.0,0.0,false,false
0.009055466,0.014999091,1.5291532,0.8702317,15.198144,3.5223722,0.035223722,3.2131443,2.0,0.02,800.0,0.0,0.0,false,false
0.008465036,0.013958142,1.5155108,0.8702317,14.616407,3.8276818,0.038276818,2.9742815,2.0,0.02,800.0,0.0,0.0,false,false
0.007919535,0.012996003,1.5009378,0.8668763,14.018675,4.0894628,0.040894628,2.7373347,2.0,0.02,800.0,0.0,0.0,false,false
0.007426505,0.012103313,1.4800731,0.8668763,13.412363,4.3250294,0.043250293,2.5025806,2.0,0.02,800.0,0.0,0.0,false,false
0.007016018,0.011273434,1.4371296,0.8668763,12.805056,4.5279675,0.045279674,2.2729993,2.0,0.02,800.0,0.0,0.0,false,false
0.007016018,0.01050476,1.2231286,0.86657107,12.235027,4.4515877,0.044515878,2.0854626,2.0,0.02,800.0,0.0,0.0,false,false
0.007016018,0.009790453,1.009732,0.86657107,11.698089,4.388537,0.04388537,1.9073325,2.0,0.02,800.0,0.0,0.0,false,false
0.007016018,0.009124792,0.7963615,0.86657107,11.1919155,4.326973,0.04326973,1.7390939,2.0,0.02,800.0,0.0,0.0,false,false
0.007016018,0.00851263,0.5859233,0.8662575,10.717671,4.237381,0.04237381,1.5837383,2.0,0.02,800.0,0.0,0.0,false,false
0.007016018,0.007948878,0.37828794,0.8662575,10.276321,4.117965,0.041179653,1.4414859,2.0,0.02,800.0,0.0,0.0,false,false
0.007016018,0.0074328533,0.17489097,0.8662575,9.869369,3.9601023,0.039601024,1.3132942,2.0,0.02,800.0,0.0,0.0,false,false
0.007016018,0.007016018,0.0,0.8659614,9.509516,3.646158,0.03646158,1.2121426,2.0,0.02,800.0,0.0,0.0,false,false
0.007016018,0.007016018,0.0,0.8659614,9.272013,2.4975305,0.024975305,1.2121426,2.0,0.02,800.0,0.0,0.0,false,false
0.007016018,0.007016018,0.0,0.8659614,9.115261,1.6905891,0.01690589,1.2121426,2.0,0.02,800.0,0.0,0.0,false,false
0.007016018,0.007016018,0.0,0.86566794,9.011805,1.1349812,0.011349812,1.2121426,2.0,0.02,800.0,0.0,0.0,false,false
0.007016018,0.007016018,0.0,0.86566794,8.943523,0.7576859,0.007576859,1.2121426,2.0,0.02,800.0,0.0,0.0,false,false
0.007016018,0.007016018,0.0,0.86566794,8.8984585,0.50388336,0.0050388337,1.2121426,2.0,0.02,800.0,0.0,0.0,false,false
0.007016018,0.007016018,0.0,0.86537904,8.868715,0.33425108,0.003342511,1.2121426,2.0,0.02,800.0,0.0,0.0,false,false
0.007016018,0.007016018,0.0,0.86537904,8.849085,0.22134471,0.0022134471,1.2121426,2.0,0.02,800.0,0.0,0.0,false,false
0.007016018,0.007016018,0.0,0.86537904,8.836128,0.14641762,0.0014641762,1.2121426,2.0,0.02,800.0,0.0,0.0,false,false
0.007016018,0.007016018,0.0,0.8650871,8.827578,0.096769124,9.6769125E-4,1.2121426,2.0,0.02,800.0,0.0,0.0,false,false
0.007016018,0.007016018,0.0,0.8650871,8.821934,0.063934244,6.393424E-4,1.2121426,2.0,0.02,800.0,0.0,0.0,false,false
0.007016018,0.007016018,0.0,0.8650871,8.818209,0.04222489,4.222489E-4,1.2121426,2.0,0.02,800.0,0.0,0.0,false,false
0.007016018,0.007016018,0.0,0.8647895,8.81575,0.027880631,2.788063E-4,1.2121426,2.0,0.02,800.0,0.0,0.0,false,false
0.007016018,0.007016018,0.0,0.8647895,8.814127,0.018411975,1.8411975E-4,1.2121426,2.0,0.02,800.0,0.0,0.0,false,false
0.007016018,0.007016018,0.0,0.8647895,8.813057,0.012139859,1.2139859E-4,1.2121426,2.0,0.02,800.0,0.0,0.0,false,false
0.007016018,0.007016018,0.0,0.8644914,8.81235,0.008018474,8.018474E-5,1.2121426,2.0,0.02,800.0,0.0,0.0,false,false
0.007016018,0.007016018,0.0,0.8644914,8.811884,0.0052919677,5.2919677E-5,1.2121426,2.0,0.02,800.0,0.0,0.0,false,false
0.007016018,0.007016018,0.0,0.8644914,8.811576,0.0034956974,3.4956975E-5,1.2121426,2.0,0.02,800.0,0.0,0.0,false,false
0.007016018,0.007016018,0.0,0.864185,8.811373,0.0023052928,2.3052928E-5,1.2121426,2.0,0.02,800.0,0.0,0.0,false,false
0.007016018,0.007016018,0.0,0.864185,8.811239,0.0015152509,1.5152509E-5,1.2121426,2.0,0.02,800.0,0.0,0.0,false,false
0.007016018,0.007016018,0.0,0.864185,8.811151,0.0010065748,1.0065748E-5,1.2121426,2.0,0.02,800.0,0.0,0.0,false,false
0.007016018,0.007016018,0.0,0.8638877,8.811092,6.6023314E-4,6.6023313E-6,1.2121426,2.0,0.02,800.0,0.0,0.0,false,false
0.007016018,0.007016018,0.0,0.8638877,8.811053,4.4376616E-4,4.4376616E-6,1.2121426,2.0,0.02,800.0,0.0,0.0,false,false
0.007016018,0.007016018,0.0,0.8638877,8.811028,2.9223756E-4,2.9223756E-6,1.2121426,2.0,0.02,800.0,0.0,0.0,false,false
0.007016018,0.007016018,0.0,0.86357,8.81101,1.9482561E-4,1.948256E-6,1.2121426,2.0,0.02,800.0,0.0,0.0,false,false
0.007016018,0.007016018,0.0,0.86357,8.810999,1.2988399E-4,1.29884E-6,1.2121426,2.0,0.02,800.0,0.0,0.0,false,false
0.007016018,0.007016018,0.0,0.86357,8.810991,8.658944E-5,8.658944E-7,1.2121426,2.0,0.02,800.0,0.0,0.0,false,false
0.007016018,0.007016018,0.0,0.8632161,8.810987,4.3294756E-5,4.3294756E-7,1.2121426,2.0,0.02,800.0,0.0,0.0,false,false
0.035670307,0.14943947,1.4325728,0.8632161,13.338786,51.388096,0.51388097,7.3292236,2.0,0.02,800.0,0.0,0.0,false,false
0.042310663,0.17867269,1.4405166,0.8632161,16.504272,23.731441,0.23731442,7.6096926,2.0,0.02,800.0,0.0,0.0,false,false
0.040412728,0.16894975,1.4304566,0.86286193,18.539473,12.331353,0.12331353,7.5241604,2.0,0.02,800.0,0.0,0.0,false,false
0.037615627,0.15432718,1.4116553,0.86286193,19.795835,6.776692,0.06776692,7.3866177,2.0,0.02,800.0,0.0,0.0,false,false
0.031947732,0.12986782,1.402416,0.86286193,20.454294,3.3262486,0.033262488,7.1162777,2.0,0.02,800.0,0.0,0.0,false,false
0.026328448,0.107020535,1.4023707,0.95437783,20.695389,1.1786991,0.011786992,6.8099227,2.0,0.02,800.0,0.0,0.0,false,false
0.021649111,0.088205285,1.4047025,0.95437783,20.660698,0.16762602,0.0016762603,6.5030513,2.0,0.02,800.0,0.0,0.0,false,false
0.018102186,0.07219196,1.4070965,0.95437783,20.436993,1.0827577,0.010827577,6.1851025,2.0,0.02,800.0,0.0,0.0,false,false
0.016882928,0.058544293,1.4088532,0.9338712,20.079456,1.7494566,0.017494567,5.852776,2.0,0.02,800.0,0.0,0.0,false,false
0.015728787,0.04725303,1.4091636,0.9338712,19.629154,2.2426012,0.022426011,5.513424,2.0,0.02,800.0,0.0,0.0,false,false
0.014645777,0.038042374,1.4085308,0.9338712,19.115263,2.6179998,0.026179997,5.170328,2.0,0.02,800.0,0.0,0.0,false,false
0.013633898,0.030547353,1.4060565,0.91820496,18.55716,2.919675,0.02919675,4.8236794,2.0,0.02,800.0,0.0,0.0,false,false
0.012697742,0.024524296,1.4020026,0.91820496,17.969997,3.1640728,0.031640727,4.4772234,2.0,0.02,800.0,0.0,0.0,false,false
0.011824118,0.019688636,1.3983885,0.91820496,17.363562,3.3747125,0.033747125,4.130619,2.0,0.02,800.0,0.0,0.0,false,false
0.011015841,0.017445398,1.3931571,0.9177671,16.744553,3.5649889,0.03564989,3.7842479,2.0,0.02,800.0,0.0,0.0,false,false
0.010280827,0.01622798,1.3832002,0.9177671,16.118786,3.7371364,0.037371363,3.5082195,2.0,0.02,800.0,0.0,0.0,false,false
0.009585494,0.015094992,1.3760973,0.9177671,15.487894,3.9140158,0.039140157,3.266729,2.0,0.02,800.0,0.0,0.0,false,false
0.0089494465,0.014045981,1.3658922,0.9174856,14.855309,4.084387,0.04084387,3.0271113,2.0,0.02,800.0,0.0,0.0,false,false
0.008347216,0.013072169,1.3592647,0.9174856,14.221422,4.2670693,0.042670693,2.787291,2.0,0.02,800.0,0.0,0.0,false,false
0.0078029316,0.012169012,1.3466457,0.9174856,13.588701,4.4490695,0.044490695,2.5497131,2.0,0.02,800.0,0.0,0.0,false,false
0.0072907577,0.011329404,1.3357393,0.9171989,12.956728,4.6507263,0.04650726,2.3121104,2.0,0.02,800.0,0.0,0.0,false,false
0.007016018,0.010551951,1.2367108,0.9171989,12.345641,4.716367,0.04716367,2.0971112,2.0,0.02,800.0,0.0,0.0,false,false
0.007016018,0.009833999,1.0231805,0.9171989,11.78097,4.5738535,0.045738533,1.9182769,2.0,0.02,800.0,0.0,0.0,false,false
0.007016018,0.009171944,0.81197923,0.91691595,11.257406,4.444145,0.04444145,1.7510523,2.0,0.02,800.0,0.0,0.0,false,false
0.007016018,0.008556786,0.601602,0.91691595,10.770996,4.3208013,0.04320801,1.5949335,2.0,0.02,800.0,0.0,0.0,false,false
0.007016018,0.007992591,0.39490595,0.91691595,10.321411,4.174033,0.04174033,1.4524536,2.0,0.02,800.0,0.0,0.0,false,false
0.007016018,0.0074707135,0.19028655,0.9166344,9.907526,4.0099664,0.040099666,1.3226025,2.0,0.02,800.0,0.0,0.0,false,false
0.007016018,0.007016018,0.0,0.9166344,9.5347,3.7630546,0.037630547,1.2121426,2.0,0.02,800.0,0.0,0.0,false,false
0.007016018,0.007016018,0.0,0.9166344,9.288635,2.5807328,0.025807329,1.2121426,2.0,0.02,800.0,0.0,0.0,false,false
0.007016018,0.007016018,0.0,0.9163515,9.126232,1.7484065,0.017484065,1.2121426,2.0,0.02,800.0,0.0,0.0,false,false
0.007016018,0.007016018,0.0,0.9163515,9.019046,1.1744859,0.01174486,1.2121426,2.0,0.02,800.0,0.0,0.0,false,false
0.007016018,0.007016018,0.0,0.9163515,8.948303,0.7843691,0.007843691,1.2121426,2.0,0.02,800.0,0.0,0.0,false,false
0.007016018,0.007016018,0.0,0.91606575,8.901613,0.52177477,0.0052177478,1.2121426,2.0,0.02,800.0,0.0,0.0,false,false
0.007016018,0.007016018,0.0,0.91606575,8.870797,0.34618533,0.0034618531,1.2121426,2.0,0.02,800.0,0.0,0.0,false,false
0.007016018,0.007016018,0.0,0.91606575,8.850458,0.22928053,0.0022928054,1.2121426,2.0,0.02,800.0,0.0,0.0,false,false
0.007016018,0.007016018,0.0,0.9157846,8.837034,0.15167485,0.0015167486,1.2121426,2.0,0.02,800.0,0.0,0.0,false,false
0.007016018,0.007016018,0.0,0.9157846,8.828175,0.10025574,0.0010025575,1.2121426,2.0,0.02,800.0,0.0,0.0,false,false
0.007016018,0.007016018,0.0,0.9157846,8.822328,0.06623088,6.6230877E-4,1.2121426,2.0,0.02,800.0,0.0,0.0,false,false
0.007016018,0.007016018,0.0,0.91550213,8.818468,0.043747183,4.3747184E-4,1.2121426,2.0,0.02,800.0,0.0,0.0,false,false
0.007016018,0.007016018,0.0,0.91550213,8.815922,0.028874747,2.8874748E-4,1.2121426,2.0,0.02,800.0,0.0,0.0,false,false
0.007016018,0.007016018,0.0,0.91550213,8.814241,0.019060675,1.9060675E-4,1.2121426,2.0,0.02,800.0,0.0,0.0,false,false
0.007016018,0.007016018,0.0,0.91521263,8.813131,0.012594128,1.2594128E-4,1.2121426,2.0,0.02,800.0,0.0,0.0,false,false
0.007016018,0.007016018,0.0,0.91521263,8.812399,0.008310575,8.310575E-5,1.2121426,2.0,0.02,800.0,0.0,0.0,false,false
0.007016018,0.007016018,0.0,0.91521263,8.811916,0.005475912,5.475912E-5,1.2121426,2.0,0.02,800.0,0.0,0.0,false,false
0.007016018,0.007016018,0.0,0.9149277,8.811598,0.0036147328,3.614733E-5,1.2121426,2.0,0.02,800.0,0.0,0.0,false,false
0.007016018,0.007016018,0.0,0.9149277,8.811387,0.0023918706,2.3918707E-5,1.2121426,2.0,0.02,800.0,0.0,0.0,false,false
0.007016018,0.007016018,0.0,0.9149277,8.811248,0.0015801876,1.5801876E-5,1.2121426,2.0,0.02,800.0,0.0,0.0,false,false
0.007016018,0.007016018,0.0,0.9146417,8.811156,0.001039044,1.03904395E-5,1.2121426,2.0,0.02,800.0,0.0,0.0,false,false
0.007016018,0.007016018,0.0,0.9146417,8.811096,6.8187964E-4,6.8187965E-6,1.2121426,2.0,0.02,800.0,0.0,0.0,false,false
0.007016018,0.007016018,0.0,0.9146417,8.811056,4.5458955E-4,4.5458955E-6,1.2121426,2.0,0.02,800.0,0.0,0.0,false,false
0.007016018,0.007016018,0.0,0.9143458,8.811029,3.0306107E-4,3.0306107E-6,1.2121426,2.0,0.02,800.0,0.0,0.0,false,false
0.007016018,0.007016018,0.0,0.9143458,8.811012,1.9482557E-4,1.9482557E-6,1.2121426,2.0,0.02,800.0,0.0,0.0,false,false
0.007016018,0.007016018,0.0,0.9143458,8.811001,1.2988396E-4,1.2988396E-6,1.2121426,2.0,0.02,800.0,0.0,0.0,false,false
0.007016018,0.007016018,0.0,0.9140543,8.810993,8.658942E-5,8.658942E-7,1.2121426,2.0,0.02,800.0,0.0,0.0,false,false
0.007016018,0.007016018,0.0,0.9140543,8.810987,6.494212E-5,6.494212E-7,1.2121426,2.0,0.02,800.0,0.0,0.0,false,false
0.007016018,0.007016018,0.0,0.9140543,8.810984,4.3294775E-5,4.3294776E-7,1.2121426,2.0,0.02,800.0,0.0,0.0,false,false
0.007016018,0.007016018,0.0,0.91375715,8.810982,2.1647398E-5,2.1647398E-7,1.2121426,2.0,0.02,800.0,0.0,0.0,false,false
0.007016018,0.007016018,0.0,0.91375715,8.81098,2.1647402E-5,2.1647402E-7,1.2121426,2.0,0.02,800.0,0.0,0.0,false,false
0.007016018,0.007016018,0.0,0.91375715,8.81098,1.1349476E-9,1.1349476E-11,1.2121426,2.0,0.02,800.0,0.0,0.0,false,false
0.0076137497,0.008332105,0.2732129,0.9134456,9.204645,4.467895,0.04467895,1.6484555,2.0,0.02,800.0,0.0,0.0,false,false
0.008294775,0.00956275,0.43105906,0.9134456,9.816739,6.6498375,0.06649838,2.0388947,2.0,0.02,800.0,0.0,0.0,false,false
0.008724222,0.010244057,0.4866501,0.9134456,10.407746,6.020403,0.06020403,2.2461798,2.0,0.02,800.0,0.0,0.0,false,false
0.008638842,0.010208981,0.50605893,0.9131324,10.780073,3.5774012,0.03577401,2.2265198,2.0,0.02,800.0,0.0,0.0,false,false
0.008129938,0.009599821,0.5036083,0.9131324,10.840297,0.5586565,0.005586565,2.0209107,2.0,0.02,800.0,0.0,0.0,false,false
0.0076305373,0.008991502,0.49733898,0.9131324,10.684034,1.4414955,0.014414956,1.8036661,2.0,0.02,800.0,0.0,0.0,false,false
0.007301435,0.008594332,0.49403775,0.9128134,10.4452505,2.2349594,0.022349594,1.6533201,2.0,0.02,800.0,0.0,0.0,false,false
0.0073544313,0.00862792,0.48394132,0.9128134,10.30331,1.3588963,0.013588962,1.6706743,2.0,0.02,800.0,0.0,0.0,false,false
0.0072632134,0.008504216,0.4779996,0.9128134,10.1681385,1.3119268,0.013119268,1.6246868,2.0,0.02,800.0,0.0,0.0,false,false
0.007016018,0.007979567,0.38996416,0.91535544,9.920576,2.4346876,0.024346877,1.4491837,2.0,0.02,800.0,0.0,0.0,false,false
0.007016018,0.007483406,0.19543038,0.91535544,9.645795,2.7698112,0.027698113,1.3257266,2.0,0.02,800.0,0.0,0.0,false,false
0.007016018,0.007031827,0.0068197823,0.91535544,9.365373,2.9071965,0.029071964,1.2159288,2.0,0.02,800.0,0.0,0.0,false,false
0.007016018,0.007016018,0.0,0.91577476,9.176878,2.0126767,0.020126767,1.2121426,2.0,0.02,800.0,0.0,0.0,false,false
0.010342564,0.011615628,0.3517685,0.91577476,10.419721,13.543198,0.13543198,2.72751,2.0,0.02,800.0,0.0,0.0,false,false
0.010887015,0.012267162,0.36168256,0.91577476,11.401291,9.420312,0.09420312,2.906278,2.0,0.02,800.0,0.0,0.0,false,false
0.010955036,0.012360451,0.36576724,0.9153234,12.070411,5.868808,0.058688078,2.9298668,2.0,0.02,800.0,0.0,0.0,false,false
0.010762722,0.012057782,0.34430772,0.9153234,12.445747,3.1095598,0.031095598,2.8564038,2.0,0.02,800.0,0.0,0.0,false,false
0.010239007,0.011493021,0.35010538,0.9153234,12.545704,0.80313784,0.0080313785,2.6926308,2.0,0.02,800.0,0.0,0.0,false,false
0.009644353,0.010823844,0.34963372,0.9148153,12.430088,0.9215573,0.009215573,2.4913719,2.0,0.02,800.0,0.0,0.0,false,false
0.009038029,0.010126404,0.34456208,0.9148153,12.154049,2.2207334,0.022207335,2.27,2.0,0.02,800.0,0.0,0.0,false,false
0.008447166,0.009467466,0.34554735,0.9148153,11.76756,3.179919,0.03179919,2.0435648,2.0,0.02,800.0,0.0,0.0,false,false
0.007920415,0.0088556055,0.3382025,2.2854924,11.31307,3.8622255,0.038622256,1.8225553,2.0,0.02,800.0,0.0,0.0,false,false
0.007416805,0.008287548,0.3363806,2.2854924,10.812967,4.420577,0.04420577,1.6007341,2.0,0.02,800.0,0.0,0.0,false,false
0.0070378045,0.008110833,0.4300139,2.2854924,10.37963,4.00757,0.040075697,1.4862772,2.0,0.02,800.0,0.0,0.0,false,false
0.007016018,0.008172475,0.46235055,2.2849495,10.10395,2.6559765,0.026559766,1.4977176,2.0,0.02,800.0,0.0,0.0,false,false
0.007016018,0.007731665,0.2943276,2.2849495,9.822292,2.7875953,0.027875952,1.387208,2.0,0.02,800.0,0.0,0.0,false,false

